"Fixed Angle Table"
.5,358,0,3.1,0,120,0,-.03,1,.2
1.5,358.2,1,3.2,1.5,122,1,.93,3,.4
2.5,358.4,2,3.3,3,124,2,1.88,-999,.6
3.5,358.6,3,3.4,4.5,126,3,2.84,1.4,.8
4.5,358.8,4,3.5,6,128,4,3.79,1.8,-999
5.5,359,5,3.599999,7.5,130,5,4.74,2.2,90
6.5,359.2,6,3.699999,9,132,6,5.69,2.6,90
7.5,359.4,7,3.799999,10.5,134,7,6.63,3,90
8.5,359.6,8,3.899999,12,136,8,7.57,3.4,-999
9.5,359.8,9,3.999999,13.5,138,9,8.51,3.8,89.95003
10.5,1.490116E-07,10,4.099999,15,140,-999,9.44,4.2,-999
11.5,.2000002,11,4.199999,-999,-999,0,-999,4.6,0
12.5,.4000002,12,4.299999,18,290.0001,0,7.800001,5,0
13.5,.6000001,13,4.399999,19.5,290.6001,0,8.200001,5.400001,0
14.5,.8000001,14,4.499999,21,291.2001,0,8.6,5.800001,0
15.5,1,15,4.599998,22.5,291.8001,0,9,6.200001,0
16.5,1.2,16,4.699998,24,292.4001,0,9.4,6.600001,0
17.5,1.4,17,4.799998,25.5,293.0001,0,9.799999,7.000001,0
18.5,1.6,18,4.899998,27,293.6001,0,10.2,7.400001,0
19.5,1.8,19,4.999998,28.5,-999,0,10.6,7.800001,0
20.5,-999,20,5.099998,30,0,0,11,8.200001,0
21.5,49.20002,-999,5.199998,-999,0,0,11.4,8.6,0
22.5,49.40002,176.2001,5.299998,264,0,0,11.8,9,0
23.5,49.60002,176.3001,5.399998,276,0,0,-999,9.4,0
24.5,49.80002,176.4001,5.499998,288,0,0,0,9.799999,0
25.5,-999,176.5002,5.599998,300,0,0,0,-999,0
-999,0,176.6002,5.699997,312,0,0,0,0,0
0,0,176.7002,5.799997,324,0,0,0,0,0
0,0,176.8002,5.899997,336,0,0,0,0,0
0,0,-999,-999,-999,0,0,0,0,0
"Ppi Definition Table"
0,0,0,0
0,0,0,0
0,0,0,0
150,5,60,320
90,355,330,280
0,0,0,0
0,0,0,0
6,4,6,3.4
0,0,0,0
0,0,0,0
128,32,128,128
0,0,0,0
0,0,0,0
0,0,0,0
0,0,0,0
1,2,3,9
"Rhi Definition Table"
0,0,0,0
0,0,0,0
0,0,0,0
0,0,0,0
0,0,0,0
1,.2,0,0
30,30,30,0
4.5,5,5,0
0,0,0,0
0,0,0,0
128,128,128,0
0,0,0,0
0,0,0,0
0,0,0,0
0,0,0,0
5,6,7,0
"Survalence Definition Table"
0,0,0,0
0,0,0,0
0,0,0,0
0,0,0,0
0,0,0,0
0,0,0,0
0,0,0,0
7.5,6,3,0
0,0,0,0
0,0,0,0
120,128,128,0
0,0,0,0
0,0,0,0
0,0,0,0
0,0,0,0
8,9,10,0
"Sequence Definition Table"
5,-2,4,1,-2,-2,-2,-2
8,0,6,6,0,0,0,0
10,0,4,1,0,0,0,0
8,0,6,6,0,0,0,0
-2,0,8,9,0,0,0,0
0,0,-2,-2,0,0,0,0
0,0,0,0,0,0,0,0
0,0,0,0,0,0,0,0
0,0,0,0,0,0,0,0
0,0,0,0,0,0,0,0
"PPI 1"
"ppisun"
"ppi2"
"Pat"
"TestRhi"
"RHI 2"
"RHI 3"
"TestSur"
"simple"
"bobsur"
"Everything"
"Sequence 2"
"Sequence 3"
"Sequence 4"
"Sequence 5"
"Sequence 6"
"Sequence 7"
