# elev    range
# deg     km
0.0       540
0.1       525
0.2       511
0.3       497
0.4       484
0.5       471
0.6       458
0.7       446
0.8       434
0.9       423
1.0       412
1.1       401
1.2       391
1.3       381
1.4       371
1.5       362
1.6       353
1.7       344
1.8       336
1.9       328
2.0       320
2.1       312
2.2       305
2.3       298
2.4       291
2.5       285
2.6       279
2.7       273
2.8       267
2.9       261
3.0       256
3.1       251
3.2       246
3.3       241
3.4       236
3.5       231
3.6       227
3.7       223
3.8       219
3.9       215
4.0       211
4.1       207
4.2       203
4.3       200
4.4       196
4.5       193
4.6       190
4.7       187
4.8       184
4.9       181
5.0       178
5.1       175
5.2       173
5.3       170
5.4       167
5.5       165
5.6       163
5.7       160
5.8       158
5.9       156
6.0       154
6.1       152
6.2       150
6.3       148
6.4       146
6.5       144
6.6       142
6.7       140
6.8       138
6.9       137
7.0       135
7.1       133
7.2       132
7.3       130
7.4       129
7.5       127
7.6       126
7.7       125
7.8       123
7.9       122
8.0       121
8.1       119
8.2       118
8.3       117
8.4       116
8.5       114
8.6       113
8.7       112
8.8       111
8.9       110
9.0       109
9.1       108
9.2       107
9.3       106
9.4       105
9.5       104
9.6       103
9.7       102
9.8       101
9.9       100
10.0        99
10.1        98
10.2        97
10.3        97
10.4        96
10.5        95
10.6        94
10.7        93
10.8        93
10.9        92
11.0        91
11.1        90
11.2        90
11.3        89
11.4        88
11.5        88
11.6        87
11.7        86
11.8        86
11.9        85
12.0        84
12.1        84
12.2        83
12.3        83
12.4        82
12.5        81
12.6        81
12.7        80
12.8        80
12.9        79
13.0        79
13.1        78
13.2        78
13.3        77
13.4        77
13.5        76
13.6        76
13.7        75
13.8        75
13.9        74
14.0        74
14.1        73
14.2        73
14.3        72
14.4        72
14.5        72
14.6        71
14.7        71
14.8        70
14.9        70
15.0        69
15.1        69
15.2        69
15.3        68
15.4        68
15.5        67
15.6        67
15.7        67
15.8        66
15.9        66
16.0        66
16.1        65
16.2        65
16.3        65
16.4        64
16.5        64
16.6        64
16.7        63
16.8        63
16.9        63
17.0        62
17.1        62
17.2        62
17.3        61
17.4        61
17.5        61
17.6        60
17.7        60
17.8        60
17.9        60
18.0        59
18.1        59
18.2        59
18.3        58
18.4        58
18.5        58
18.6        58
18.7        57
18.8        57
18.9        57
19.0        57
19.1        56
19.2        56
19.3        56
19.4        56
19.5        55
19.6        55
19.7        55
19.8        55
19.9        54
20.0        54
20.1        54
20.2        54
20.3        53
20.4        53
20.5        53
20.6        53
20.7        53
20.8        52
20.9        52
21.0        52
21.1        52
21.2        52
21.3        51
21.4        51
21.5        51
21.6        51
21.7        51
21.8        50
21.9        50
22.0        50
22.1        50
22.2        50
22.3        49
22.4        49
22.5        49
22.6        49
22.7        49
22.8        49
22.9        48
23.0        48
23.1        48
23.2        48
23.3        48
23.4        47
23.5        47
23.6        47
23.7        47
23.8        47
23.9        47
24.0        47
24.1        46
24.2        46
24.3        46
24.4        46
24.5        46
24.6        46
24.7        45
24.8        45
24.9        45
25.0        45
25.1        45
25.2        45
25.3        45
25.4        44
25.5        44
25.6        44
25.7        44
25.8        44
25.9        44
26.0        44
26.1        43
26.2        43
26.3        43
26.4        43
26.5        43
26.6        43
26.7        43
26.8        43
26.9        42
27.0        42
27.1        42
27.2        42
27.3        42
27.4        42
27.5        42
27.6        42
27.7        41
27.8        41
27.9        41
28.0        41
28.1        41
28.2        41
28.3        41
28.4        41
28.5        41
28.6        40
28.7        40
28.8        40
28.9        40
29.0        40
29.1        40
29.2        40
29.3        40
29.4        40
29.5        39
29.6        39
29.7        39
29.8        39
29.9        39
30.0        39






