268.275 143.989
245.936 107.972
126.888 12.8992
205.604 8.48682
110.435 67.6107
111.284 51.3815
141.784 42.6613
80.0381 47.0486
87.0726 49.7702
87.3495 28.2432
107.331 21.3233
87.5892 55.7829
102.489 30.8135
246.99 101.316
265.434 138.759
194.747 118.964
182.812 115.321
192.614 100.437
193.997 105.633
187.726 84.3435
154.714 55.9557
248.458 96.9464
92.6702 141.578
126.055 218.05
230.347 91.9415
151.186 58.1595
240.711 109.775
226.854 88.3244
236.695 39.5316
172.905 66.02
223.157 89.2427
240.853 113.781
227.584 66.4337
216.013 80.5114
222.084 96.1466
222.885 71.184
225.119 48.3182
225.657 73.0573
246.275 98.9578
258.757 160.266
225.516 102.683
242.752 110.783
265.529 135.847
264.137 134.956
268.336 146.603
259.064 124.507
239.136 91.615
241.644 82.9139
241.825 101.189
227.843 99.2599
243.477 92.6712
213.715 74.6043
238.728 106.852
237.66 111.834
228.819 95.5938
231.083 96.7964
249.193 104.853
202.462 84.4182
210.319 74.6213
242.702 90.8861
237.907 96.0723
241.08 91.4087
246.9 95.3787
231.241 90.0218
237.747 121.569
229.435 91.1143
219.697 97.6082
226.65 89.8702
231.104 104.245
227.432 97.1898
185.691 59.6079
224.947 95.0236
237.678 101.626
244.926 98.8881
238.497 84.4258
212.837 63.5838
251.326 118.225
236.651 42.1704
223.226 66.0124
226.498 94.0024
235.87 91.4458
224.044 93.6427
235.949 95.3866
234.985 106.507
210.634 128.991
245.092 92.547
224.433 91.5508
241.344 107.3
242.355 98.4919
210.208 84.1699
247.534 99.0183
239.362 108.521
211.253 76.4103
228.944 99.8848
165.918 159.488
250.875 95.3158
224.996 97.6702
239.248 105.556
240.233 111.762
232.545 119.669
237.668 90.5385
232.226 91.4199
239.819 98.1678
107.399 201.383
243.472 110.708
244.642 130.403
208.803 128.498
210.397 97.2156
212.412 124.009
241.311 88.858
160.693 119.304
244.019 96.5119
172.467 121.702
163.025 126.923
160.504 130.509
162.187 116.331
162.837 117.869
172.791 120.104
172.069 119.522
159.482 129.13
214.361 126.248
176.828 127.526
180.288 125.024
180.513 120.101
179.031 117.662
158.923 127.981
148.546 88.9819
170.114 121.729
163.87 116.157
179.849 116.087
176.994 118.184
179.447 114.938
162.379 123.362
166.711 117.874
171.015 117.967
164.937 123.762
174.037 129.72
172.414 145.012
167.238 152.577
158.147 142.69
166.082 136.881
177.147 153.081
213.294 125.235
173.063 135.206
175.976 149.262
202.68 146.236
206.409 124.629
204.798 123.824
167.813 139.455
169.204 127.81
168.9 123.782
167.078 129.698
178.296 119.528
163.785 120.038
164.341 121.755
233.508 110.363
215.543 113.752
186.718 138.676
171.661 140.02
164.774 148.956
190.451 130.822
162.613 164.235
185.823 142.441
177.493 143.82
161.223 163.698
174.155 141.815
199.879 135.922
162.685 144.656
160.902 156.145
169.418 157.298
175.819 133.283
164.473 166.53
159.308 148.385
170.995 136.979
174.075 155.097
157.842 144.983
176.717 157.658
159.12 140.808
192.355 128.141
214.22 136.024
81.6333 132.159
250.853 114.89
229.642 113.734
228.732 89.5832
190.465 132.328
206.661 126.432
174.465 138.49
166.517 150.972
180.37 129.577
212.182 139.697
177.774 135.649
206.412 147.511
208.371 124.719
160.431 151.63
173.267 157.589
174.152 150.941
157.502 157.728
182.528 157.945
173.7 160.291
171.11 144.23
158.483 134.928
169.713 144.155
182.878 145.269
171.302 135.761
163.875 139.559
172.526 158.773
172.961 149.264
161.021 140.677
160.012 144.199
202.874 149.91
178.539 154.008
161.321 142.725
172.677 133.169
159.874 142.206
207.333 132.725
169.369 149.986
170.832 133.201
163.144 149.369
204.492 142.25
258.061 124.227
233.905 93.8551
190.022 139.169
206.997 146.317
194.965 149.646
216.6 131.187
206.992 134.44
164.083 132.987
205.496 144.908
168.165 142.265
183.41 141.766
166.66 146.426
171.346 138.732
108.459 71.3789
166.023 141.433
216.493 113.381
165.838 134.962
171.086 146.111
157.268 151.718
163.669 141.547
156.296 163.144
166.567 140.091
187.456 146.797
185.952 132.657
186.084 139.993
181.842 135.124
185.574 146.721
188.216 141.544
170.053 135.456
31.797 220.247
26.7646 222.461
236.909 39.8305
248.112 124.595
212.745 97.5691
169.976 153.966
148.326 159.531
203.772 134.786
173.52 142.741
210.761 133.635
206.567 140.589
207.154 128.372
186.917 127.437
204.073 144.04
203.877 138.054
265.52 140.654
127.068 158.047
271.476 145.721
91.6499 117.78
272.754 161.574
257.309 128.038
161.567 132.992
160.589 137.645
168.501 136.314
69.6258 150.508
266.656 144.693
262.453 141.107
230.809 128.215
98.1579 136.521
111.192 117.173
122.343 115.987
111.472 106.064
124.418 154.83
166.431 132.992
120.668 116.223
228.763 123.541
73.6707 140.092
82.1219 121.97
112.072 112.364
259.584 136.682
176.017 151.097
47.3023 150.142
76.7847 164.245
105.84 141.052
228.801 120.1
156.419 136.812
164.281 155.6
274.035 148.476
227.786 116.268
153.947 128.854
268.6 147.897
86.2795 146.967
81.1415 101.298
259.339 159.766
146.735 116.469
242.86 118.509
251.794 113.029
54.7892 101.208
167.508 91.5317
233.013 84.7934
159.278 159.026
163.999 89.1774
234.744 89.3526
155.193 86.0645
166.342 90.6885
116.09 93.9666
179.675 81.9745
228.948 59.4957
256.161 139.803
168.048 91.6468
53.0509 166.995
55.9646 99.3508
181.501 55.0822
190.631 65.0269
42.0183 144.865
154.013 120.41
225.146 54.7102
243.058 88.1283
250.052 128.177
121.249 59.8394
48.3391 93.0615
56.5291 134.547
137.322 96.0243
50.7882 159.111
145.234 105.851
181.359 65.5332
193.634 76.1031
146.911 102.981
204.971 79.6296
167.476 126.645
175.386 91.3486
184.287 99.8171
153.903 101.134
189.266 90.0898
127.034 81.9344
86.4158 77.4405
179.154 88.2496
254.214 120.043
264.163 127.397
56.1354 170.449
208.478 72.3832
182.389 90.57
174.844 101.428
215.879 100.757
230.494 93.9214
255.518 135.892
242.003 121.953
271.416 155.114
258.756 140.822
235.77 93.4545
250.117 110.842
113.721 85.9377
152.693 62.8077
153.101 64.6182
161.925 76.4012
165.314 65.0772
164.907 86.4475
151.366 62.4472
150.333 55.9786
151.323 60.2467
158.734 80.6883
165.73 84.1124
153.863 82.4701
156.381 82.9896
106.904 103.205
102.932 73.8318
195.376 140.845
115.432 77.3991
186.773 122.489
152.864 85.323
53.9017 174.22
44.2722 151.269
148.386 126.386
134.75 118.772
114.128 105.553
191.069 103.18
194.527 136.597
194.418 142.432
200.431 137.763
143.425 116.918
183.81 150.198
199.562 103.23
196.678 146.203
196.471 100.633
206.928 149.856
247.882 100.422
257.594 126.289
90.4839 155.598
259.523 151.599
142.149 214.547
143.638 92.3087
152.709 117.292
165.166 92.9757
161.839 91.1903
157.484 120.36
150.455 81.2024
155.765 88.0619
111.515 99.9644
150.486 84.7028
156.414 113.817
151.071 117.269
142.811 127.198
154.273 79.4661
245.048 111.834
187.284 86.3864
157.612 78.4249
115.335 111.062
147.554 94.0921
120.073 73.618
113.075 74.0361
258.55 128.415
264.553 136.492
228.514 111.616
260.806 136.305
145.26 114.92
110.394 87.1116
261.824 133.386
263.051 137.456
244.943 118.336
248.309 116.292
162.334 56.2207
191.531 87.9554
253.566 138.211
260.014 124.838
83.8183 104.442
290.507 162.724
145.436 57.9699
138.529 70.4983
190.548 99.9484
153.859 76.5908
193.726 114.463
188.753 109.917
190.545 105.018
187.443 102.07
174.781 145.759
189.257 123.395
195.942 111.226
193.605 121.938
193.2 121.459
168.58 61.2931
184.776 111.182
62.16 78.8101
208.991 82.0204
254.456 145.056
253.339 134.785
219.44 181.45
191.436 117.942
195.977 121.663
159.042 73.3188
154.471 71.3266
183.685 117.686
153.297 70.6273
193.038 103.611
187.042 125.37
144.586 56.5656
192.86 132.386
190.093 104.265
192.198 120.894
188.604 113.487
192.367 107.475
157.493 57.6251
189.092 120.293
182.407 110.253
192.827 105.237
196.092 114.076
188.141 118.367
231.735 93.7777
256.761 123.613
74.9838 123.831
253.885 123.85
212.199 76.76
227.087 207.719
147.425 54.0142
251.502 108.995
225.436 99.9672
228.64 103.521
227.391 91.5149
255.298 122.918
126.956 62.4045
265.282 134.576
120.011 113.252
269.104 144.558
241.42 124.351
225.518 91.155
97.3395 142.763
33.7756 214.538
242.501 118.576
200.116 147.713
55.2493 82.5041
241.833 108.67
68.3448 79.2271
227.151 60.752
247.504 100.539
152.619 71.7441
243.906 87.6219
252.334 118.836
73.3486 163.906
252.374 150.94
105.655 216.106
258.113 139.07
271.767 150.11
266.286 8.54448
228.682 197.305
135.69 53.5419
259.901 134.808
257.094 143.898
233.142 140.6
246.156 119.998
152.939 43.859
60.9201 117.81
61.1233 83.0704
244.198 141.017
53.2163 164.409
249.317 113.293
230.431 109.441
264.815 139.822
261.136 145.474
39.649 131.036
246.376 101.514
234.198 96.8124
229.158 117.677
203.416 59.9565
230.193 29.8846
202.446 123.146
221.787 123.894
140.216 184.251
296.531 171.443
118.139 68.112
287.389 154.473
275.359 183.844
228.295 136.751
292.734 207.724
51.8051 174.293
90.7368 182.665
56.3894 175.676
155.259 170.122
53.4758 177.207
251.08 150.436
236.698 140.405
47.5112 181.853
286.873 161.218
215.081 127.292
243.393 148.388
249.752 151.476
293.246 155.226
279.797 158.152
94.2752 195.876
282.677 165.611
259.25 169.017
293.582 153.806
213.311 169.416
227.331 152.419
204.897 159.949
222.337 132.383
176.119 171.529
232.713 163.375
230.527 134.271
221.613 153.394
166.472 169.326
228.795 144.425
182.469 180.003
210.683 159.517
229.244 138.027
267.352 211.4
225.295 135.252
227.366 133.735
195.655 170.263
240.466 141.493
226.659 140.073
269.279 175.821
269.614 199.761
228.451 163.632
284.122 146.891
231.258 173.527
244.048 175.314
285.37 186.476
243.518 200.2
91.6557 209.12
114.587 174.679
94.7309 197.532
126.267 204.297
113.875 190.213
126.359 174.626
94.2157 172.997
92.1077 189.097
123.797 192.171
153.435 195.437
107.4 194.365
165.085 210.649
83.7932 199.221
132.536 166.85
144.483 177.757
130.157 192.403
144.606 170.526
108.881 204.307
86.902 202.39
102.606 174.344
115.053 209.692
153.535 207.178
135.197 179.235
83.0401 216.577
113.712 198.852
95.0026 198.133
89.3802 182.734
223.262 111.349
262.052 135.059
148.729 60.6333
39.4502 189.754
27.0065 209.493
61.2658 205.28
119.477 185.935
82.59 174.478
74.6982 184.247
60.7702 199.905
141.235 195.839
109.596 182.83
165.308 194.567
60.2422 176.998
64.0718 176.871
67.3879 215.938
71.7825 192.047
46.4033 183.537
43.307 178.834
38.0682 224
280.688 169.012
86.2231 174.85
60.8739 182.203
62.2759 187.675
55.5073 182.674
51.9072 172.858
278.959 205.825
89.4478 172.974
292.821 163.576
283.089 155.557
280.247 158.007
61.4896 214.507
67.6338 176.205
46.2655 214.787
40.6975 213.858
71.263 218.691
61.4562 194.342
76.6667 210.772
49.1891 182.165
69.0296 179.038
65.7419 184.186
79.6075 185.482
72.6458 215.251
75.1049 173.845
50.6044 177.017
44.8601 199.263
214.853 148.34
269.829 172.672
224.736 160.19
236.175 151.132
221.525 142.336
229.279 136.631
218.141 164.729
183.18 194.802
168.64 177.23
254.068 169.273
186.644 161.278
243.633 149.608
292.345 187.54
172.825 169.697
284.145 176.79
206.62 151.194
248.698 100.085
236.093 35.5017
150.658 62.4065
268.156 130.897
151.299 4.44617
251.515 122.219
250.224 143.854
249.655 117.633
52.3652 101.711
61.7683 80.4417
212.144 79.8659
121.025 106.146
60.1968 92.2228
233.416 50.3606
204.109 60.2749
146.878 53.2046
204.2 70.7675
197.625 94.2404
91.2136 123
204.016 101.539
90.0105 72.6669
121.535 112.004
62.0133 86.1778
154.387 158.492
160.043 118.452
246.353 88.9545
215.493 129.35
74.1163 97.5034
202.205 117.006
81.9948 77.6159
211.629 113.024
192.815 59.3379
115.016 80.9323
214.591 87.1351
232.615 52.4259
172.785 57.6522
212.547 91.6088
119.97 76.1194
99.01 159.483
97.5559 110.124
47.812 122.472
151.311 133.824
242.459 131.607
163.188 54.1869
38.6129 125.672
62.1217 79.1521
236.879 40.5432
57.13 86.5573
253.187 127.498
43.5373 110.219
62.4377 80.22
45.2036 108.795
44.0485 109.829
198.76 100.255
48.7997 115.073
142.292 43.3021
87.2188 79.4027
76.296 90.821
196.419 122.203
83.9413 80.3739
84.3853 80.9306
86.9539 80.2718
86.4506 79.2192
190.3 115.381
262.826 136.538
294.423 181.177
93.9479 131.499
191.398 7.50534
205.461 5.72952
186.994 1.138
149.45 14.2458
148.113 34.7556
134.407 32.1003
151.53 33.3143
138.869 33.7254
83.7693 39.41
116.434 25.8945
62.1881 78.6936
90.1324 22.8656
228.65 70.8065
148.332 53.9916
73.0772 77.5689
249.82 119.493
53.8627 88.936
148.468 82.2487
73.1692 77.5555
226.211 60.6048
232.289 51.8401
83.2243 137.877
229.348 50.2703
252.436 123.338
214.684 80.4015
118.252 121.382
226.724 48.3053
171.348 141.771
44.2984 109.492
230.659 81.8568
236.498 89.2218
207.638 64.9175
187.676 55.8835
210.591 70.9307
176.988 83.6905
259.165 132.526
186.694 104.295
120.924 107.794
216.961 73.0959
153.202 86.4302
53.6723 164.618
45.7649 114.068
54.4747 171.891
230.383 73.5389
224.38 47.369
153.907 98.7174
112.528 74.1915
97.92 149.359
58.5082 91.5543
66.6482 108.994
178.817 85.3449
48.9438 152.301
48.2062 96.256
55.6989 146.948
247.474 88.153
184.294 130.859
208.725 126.762
149.093 152.413
269.145 131.195
255.264 125.337
222.784 82.6195
262.019 127.954
182.555 75.8425
236.247 128.643
74.7705 89.1883
178.573 140.274
233.031 122.885
95.5355 68.1599
132.373 152.35
95.0969 166.606
40.0804 135.623
73.3945 82.9435
243.04 140.559
220.101 83.7636
41.2695 119.948
194.255 126.682
47.4361 134.062
237.882 81.0586
189.285 127.594
63.0123 164.417
54.1414 89.4494
155.513 72.8037
122.412 98.1011
193.369 130.676
262.491 138.94
262.242 145.196
223.068 105.771
227.699 81.434
56.3564 119.095
183.148 104.848
156.679 107.182
161.866 98.9173
30.9306 220.152
154.936 96.1769
218.47 114.7
227.426 87.2092
180.525 112.012
192.935 130.075
159 122.177
125.044 125.133
187.198 111.669
98.3485 84.8171
184.067 106.346
249.746 108.795
241.51 96.9737
230.878 100.661
138.937 160.784
58.5866 107.921
165.753 107.083
252.501 127.45
184.003 139.04
189.52 100.073
139.795 113.698
105.566 156.045
163.034 106.516
156.454 116.947
236.683 86.1095
198.92 115.49
233.913 118.056
264.047 143.864
61.1396 96.409
185.515 137.521
192.192 146.37
212.818 110.791
86.7681 94.1803
138.647 100.909
242.024 136.613
235.212 122.401
245.46 89.7886
197.064 101.96
47.0893 147.926
58.7532 87.8517
249.841 120.243
237.051 131.411
190.683 111.703
65.0987 91.1263
208.751 90.9269
219.243 84.6339
244.069 112.841
226.877 119.831
55.4633 96.0433
220.402 88.9828
186.215 140.876
190.993 137.116
175.022 126.74
222.132 120.885
154.141 99.4435
31.0202 222.266
220.888 114.531
212.728 126.857
167.106 91.1386
109.96 137.426
51.1523 156.03
234.622 47.2932
147.099 121.543
183.659 88.9352
149.176 115.662
104.737 71.6627
99.2348 108.518
157.513 59.6042
129.773 129.27
198.314 121.338
101.258 117.87
265.117 129.654
161.21 60.5125
50.2684 153.997
162.134 69.3247
203.03 140.624
251.169 120.154
52.116 155.412
235.748 36.4002
53.4445 165.515
242.642 116.876
213.266 123.047
154.627 90.5884
171.984 140.609
147.397 52.9166
224.461 44.9006
163.115 130.21
223.889 46.8837
50.5277 157.06
129.696 119.334
114.449 141.69
160.897 54.3036
74.716 164.04
143.612 131.788
193.926 134.529
93.8246 138.386
111.956 124.671
163.667 138.217
172.678 85.506
228.799 40.5273
147.215 105.905
55.1411 166.565
154.087 45.9233
108.533 112.004
186.709 145
46.5008 124.764
45.4877 142.992
61.2605 86.6963
194.406 128.65
194.133 124.95
151.989 87.0654
74.6106 158.452
95.4332 113.897
121.965 103.819
212.978 129.418
157.988 49.4398
66.108 157.037
194.652 59.6431
254.003 128.378
154.585 93.7186
252.744 146.021
163.716 152.033
142.031 137.655
152.455 35.4875
89.8634 133.585
223.573 47.6802
222.67 117.675
239.814 132.179
66.5843 153.422
191.832 96.1885
55.3816 168.953
264.846 133.389
182.244 130.385
174.967 118.427
215.756 114.797
190.943 135.542
229.733 51.7418
236.335 37.8403
66.8475 170.154
121.725 160.835
91.0575 123.48
129.431 67.8923
187.631 57.0913
267.991 129.413
107.198 106.286
233.223 31.0705
247.075 146.621
86.9491 157.582
197.669 83.526
44.2463 104.704
215.529 117.859
48.7023 153.965
119.773 151.024
81.0148 161.644
172.899 124.174
174.452 134.649
103.887 124.304
248.027 119.461
255.722 133.3
59.9034 87.768
250.478 118.902
205.886 145.761
89.6674 68.5445
51.8156 164.033
241.846 104.133
256.601 145.587
205.598 114.957
170.817 141.296
236.383 37.405
210.999 111.609
46.4538 137.724
148.134 35.6312
194.96 123.041
171.037 130.137
185.332 63.2293
209.793 134.137
130.421 68.0047
166.766 106.183
196.536 105.936
100.718 148.558
162.853 53.7481
210.345 108.777
218.923 122.351
205.216 103.48
50.9505 135.516
178.98 76.6327
217.754 112.983
178.343 57.6421
165.176 63.1492
172.46 57.0982
161.746 51.5556
148.365 81.8069
130.281 102.165
81.965 133.565
164.527 105.443
132.091 108.617
135.376 115.718
92.5193 136.739
231.516 133.806
225.025 125.436
178.52 147.022
236.521 38.4112
44.2716 110.929
258.562 127.026
274.409 158.534
197.546 109.897
65.0844 154.587
47.7359 164.9
162.663 54.4623
172.693 81.1709
95.0649 154.583
226.159 116.379
186.286 69.6046
187.34 89.6782
49.8778 155.756
172.747 154.955
259.104 129.783
132.714 147.597
145.554 84.1631
191.054 63.9422
209.794 110.208
186.704 76.0901
98.2362 159.456
203.416 122.121
149.703 117.757
192.549 138.533
192.109 59.1965
206.545 142.52
227.164 124.745
104.781 110.038
117.641 161.892
165.631 69.3241
155.266 158.357
204.122 111.101
109.727 140.663
167.745 89.5793
251.242 125.465
270.983 164.851
166.86 85.8411
234.951 46.5023
161.057 106.128
228.188 40.7426
236.87 38.8349
191.252 134.337
53.2394 173.191
208.628 103.5
212.713 119.904
170.42 139.888
229.857 29.7416
201.857 112.315
266.231 130.724
95.3338 123.416
176.692 64.2107
65.6001 163.332
193.907 127.643
61.2936 162.503
240.804 129.584
108.068 114.952
255.928 127.178
161.384 56.7732
153.911 74.0993
169.818 70.3425
107.144 98.6725
192.787 123.732
57.1534 154.823
91.8209 146.986
230.534 130.208
120.101 129.757
209.31 121.462
74.5654 165.822
214.793 128.132
166.755 78.7308
121.944 112.827
200.798 83.2036
121.82 120.138
162.055 58.3647
144.931 86.1299
157.454 67.5903
115.606 130.814
143.659 48.1933
190.254 154.266
193.193 112.958
50.869 171.24
188.224 96.9305
103.317 99.8906
252.964 123.881
109.867 117.408
84.6713 132.134
115.285 139.334
159.428 93.8867
92.5546 151.037
205.406 126.686
152.035 34.0167
167.544 149.085
168.664 56.1255
175.379 91.7395
100.123 130.31
75.3146 139.478
200.704 108.385
55.4892 174.445
220.963 123.525
69.9164 147.788
220.426 119.743
201.631 129.022
202.032 77.2231
126.325 150.123
196.781 60.6844
54.8612 166.805
200.463 125.373
165.509 162.97
88.0036 103.895
144.068 120.551
258.415 132.11
204.162 126.195
151.27 57.6081
155.102 140.448
180.594 150.21
112.076 109.92
211.8 126.721
178.839 56.7189
228.905 38.4473
44.1927 114.1
121.039 111.188
236.121 118.21
211.311 118.016
169.883 123.447
69.3116 155.453
149.305 44.0946
128.345 114.11
130.782 124.717
175.524 63.8029
210.605 124.608
270.467 128.997
149.884 143.659
171.369 140.192
168.537 115.606
78.1847 91.5078
153.638 123.452
43.083 110.884
60.3604 106.185
53.8288 103.941
153.198 98.8981
132.575 77.2991
47.5371 131.355
66.2038 125.426
58.4019 164.577
125.275 18.5851
133.659 14.0487
111.419 7.3071
132.845 1.45354
130.823 7.86741
113.547 11.7692
121.252 5.75237
85.5977 80.2184
70.0451 100.329
74.6572 156.227
92.5332 88.2606
90.5674 99.2254
44.6744 139.568
88.3584 89.3779
51.1432 165.752
54.7659 166.338
211.503 56.6477
108.613 148.302
60.7833 159.826
68.2425 152.176
204.42 59.8537
177.826 70.4119
176.645 82.6274
166.232 96.0011
142.881 108.927
161.393 112.524
158.787 102.647
155.412 72.1418
61.2887 82.0898
44.9058 106.626
210.548 80.8561
219.324 63.0643
178.292 101.669
73.3425 97.5061
45.7462 114.647
177.877 94.6437
168.709 75.419
182.507 69.593
54.7896 115.936
158.097 71.3374
161.28 106.804
206.014 68.0662
156.64 73.9507
198.131 75.058
124.922 86.2397
42.1984 116.236
164.348 110.759
228.061 65.9282
45.445 104.978
59.1053 85.543
47.7537 116.142
152.347 105.388
44.7671 109.111
230.084 53.0453
86.1869 81.2043
50.9697 91.2121
113.875 89.4987
47.902 115.078
241.077 93.5986
159.578 89.7512
46.6861 126.757
155.306 71.204
130.32 136.31
65.4656 85.3349
84.6318 87.16
48.6666 98.6623
201.038 60.035
59.044 90.8983
208.226 59.113
213.17 79.7239
178.083 79.605
48.4518 120.554
60.6723 87.357
165.186 105.557
229.17 78.8583
43.9032 111.347
48.2365 118.348
61.6956 80.2857
149.74 71.8579
193.348 109.844
238.222 113.329
49.3294 109.697
160.443 83.3419
233.251 49.6265
162.324 87.6188
186.756 84.6964
193.135 69.8833
165.225 108.213
50.8394 107.408
210.223 62.4512
52.3372 105.471
118.087 89.336
45.6117 110.83
179.686 134.479
62.117 121.34
126.293 102.234
57.9653 86.5251
139.583 119.007
176.557 104.165
68.8121 79.2114
125.599 67.3397
242.182 84.8819
132.321 130.163
172.328 91.1316
57.2439 87.2123
239.091 115.152
201.393 65.2925
215.125 82.3294
101.642 90.0641
222.17 86.1867
153.063 88.8289
224.645 57.475
221.606 85.8545
134.708 109.218
154.281 71.1085
142.535 91.62
58.7832 86.6657
212.204 79.0926
152.995 72.0137
233.955 83.3919
145.77 80.6561
237.256 88.2479
229.356 87.5793
174.179 74.2114
202.025 75.0607
85.4967 81.6262
223.79 78.3742
172.053 104.877
129.948 90.6278
208.89 65.2254
141.937 99.8796
228.236 81.6009
227.852 61.3739
238.75 81.9436
185.369 104.359
60.4628 86.9426
120.803 70.689
237.056 105.964
204.053 61.9246
139.835 81.3031
44.9217 112.574
202.355 96.2029
57.4193 88.7574
180.695 116.738
233.756 126.544
206.171 77.5446
222.616 67.5046
133.561 86.0303
224.119 77.8498
153.242 72.8938
214.756 66.8269
186.972 116.323
209.273 108.411
136.247 136.104
182.255 126.061
226.911 62.2198
141.677 144.397
169.495 70.0083
90.9715 121.076
211.882 123.161
55.077 130.798
184.969 94.2315
152.43 109.626
195.917 60.9161
175.435 151.737
204.028 129.935
207.228 151.242
200.842 131.399
48.3121 111.441
87.3531 165.84
150.6 137.386
233.322 76.1908
174.64 112.728
207.954 129.588
206.911 138.803
46.9083 160.116
204.97 103.181
194.26 124.152
126.07 109.142
120.207 138.754
156.741 132.627
73.8343 163.885
170.445 162.044
107.114 132.062
84.394 143.695
144.105 22.2691
51.37 155.865
105.333 165.084
111.167 86.5423
73.3686 96.7685
232.554 132.942
89.7463 72.4204
127.389 93.181
66.7933 84.0026
265.829 131.758
158.14 125.801
171.229 96.4885
266.996 132.259
161.681 97.0103
160.136 119.479
152.202 86.3373
61.0507 82.6339
66.2879 162.602
183.199 120.641
235.16 86.9381
178.76 121.541
261.085 130.116
150.987 35.843
164.957 52.5402
165.05 131.54
182.955 121.549
270.312 131.47
197.999 93.9812
262.419 147.061
140.672 151.757
256.169 133.722
178.083 122.957
115.5 85.9065
121.444 95.1373
192.549 80.6008
182.233 59.5554
159.945 90.6974
236.857 134.583
244.186 100.37
246.418 125.505
206.155 119.278
127.314 123.892
220.536 94.877
243.333 135.453
234.283 101.106
218.893 105.372
217.749 119.203
250.673 34.8687
201.088 122.942
213.576 126.929
202.024 111.757
252.947 115.661
211.172 143.244
214.362 60.4471
176.221 105.512
250.244 106.594
210.02 102.702
189.094 125.168
216.696 73.4617
84.7147 108.465
272.651 162.702
121.301 106.918
242.432 103.078
213.762 90.5876
204.088 70.318
222.371 120.221
169.781 120.81
107.307 76.7513
186.94 69.5727
78.4241 124.695
201.577 83.1948
134.814 94.1228
229.847 51.092
61.1751 79.6997
56.7956 87.8531
138.143 64.4436
211.739 80.335
266.912 142.38
53.5801 89.4377
202.24 90.8758
92.1935 126.681
240.849 111.101
151.293 101.296
144.004 53.1222
253.589 122.94
227.004 127.38
210.839 72.0008
216.619 114.417
161.452 95.6102
135.046 88.5786
149.454 55.0089
56.3412 84.4467
212.719 78.4105
217.63 80.4821
153.583 65.3816
56.8509 88.9692
184.365 105.339
167.823 144.08
156.705 152.081
127.91 134.598
104.792 96.6488
186.599 56.6694
230.719 55.3165
64.0273 141.434
77.4179 114.335
211.442 131.024
106.043 131.127
46.546 171.138
100.41 90.9192
62.8993 81.3206
201.482 91.4437
224.271 48.0194
114.476 109.715
228.356 71.3863
154.58 72.4301
208.581 85.7776
187.893 130.478
225.418 122.544
142.196 70.0847
95.376 83.7449
210.946 113.367
56.234 92.0648
52.0865 118.633
129.535 160.761
147.915 78.5443
115.642 99.6185
140.55 128.958
245.039 113.83
125.807 72.3022
185.741 106.235
237.117 93.2219
251.788 91.5077
154.775 50.1357
193.968 129.724
227.837 88.5379
48.6673 94.2999
258.79 130.893
110.654 68.5325
141.405 59.529
190.789 53.2575
248.25 121.85
231.486 117.541
99.7822 102.063
94.7465 106.869
264.245 130.662
254.679 123.513
254.338 123.46
220.209 122.876
61.4314 79.8253
76.9932 146.928
227.817 118.387
151.879 44.2613
56.9362 87.3222
96.2154 75.7441
87.2965 113.248
57.5651 87.7191
234.743 1.19148
177.761 131.011
67.3708 87.6709
151.497 91.8174
203.808 109.265
204.698 114.154
51.621 161.108
136.365 5.42779
72.4221 142.587
191.891 122.827
295.603 5.27875
122.294 33.1845
138.248 34.242
94.672 36.3086
