#
# TASS scan strategy
#
# Mike Dixon, NCAR, Boulder, CO, USA, 80307-3000
#
# Sept 1995
#
# NOTE: angles must be in increasing order
#

nelevations 20

elevation 1.7725 
nazimuths 21
        -31.5747
        -28.1154
        -24.7644
        -21.5016
        -18.3105
        -15.1772
        -12.0898
        -9.0376
        -6.0112
        -3.0014
        0.0
        3.0014
        6.0112
        9.0376
        12.0898
        15.1772
        18.3105
        21.5016
        24.7644
        28.1154
        31.5747

elevation 5.2811
nazimuths 21
        -31.7080
        -28.2313
        -24.8644
        -21.5870
        -18.3822
        -15.2360
        -12.1362
        -9.0721
        -6.0340
        -3.0128
        0.0
        3.0128
        6.0340
        9.0721
        12.1362
        15.2360
        18.3822
        21.5870
        24.8644
        28.2313
        31.7080

elevation 8.7532
nazimuths 19
        -28.4619
        -25.0634
        -21.7569
        -18.5249
        -15.3529
        -12.2285
        -9.1406
        -6.0793
        -3.0354
        0.0
        3.0354
        6.0793
        9.1406
        12.2285
        15.3529
        18.5249
        21.7569
        25.0634
        28.4619

elevation 12.2024        
nazimuths 19
        -28.8103
        -25.3639
        -22.0132
        -18.7400
        -15.5291
        -12.3676
        -9.2439
        -6.1477
        -3.0694
        0.0
        3.0694
        6.1477
        9.2439
        12.3676
        15.5291
        18.7400
        22.0132
        25.3639
        28.8103

elevation 15.6415
nazimuths 19
        -29.2839
        -25.7719
        -22.3610
        -19.0317
        -15.7680
        -12.5560
        -9.3837
        -6.2402
        -3.1155
        0.0
        3.1155
        6.2402
        9.3837
        12.5560
        15.7680
        19.0317
        22.3610
        25.7719
        29.2839

elevation 19.0828        
nazimuths 19
        -29.8951
        -26.2976
        -22.8086
        -19.4069
        -16.0750
        -12.7981
        -9.5633
        -6.3590
        -3.1746
        0.0
        3.1746
        6.3590
        9.5633
        12.7981
        16.0750
        19.4069
        22.8086
        26.2976
        29.8951

elevation 22.5391
nazimuths 19
        -30.6623
        -26.9564
        -23.3688
        -19.8759
        -16.4585
        -13.1003
        -9.7874
        -6.5072
        -3.2484
        0.0
        3.2484
        6.5072
        9.7874
        13.1003
        16.4585
        19.8759
        23.3688
        26.9564
        30.6623

elevation 26.0231
nazimuths 19
        -31.6121
        -27.7701
        -24.0594
        -20.4533
        -16.9300
        -13.4715
        -10.0625
        -6.6891
        -3.3388
        0.0
        3.3388
        6.6891
        10.0625
        13.4715
        16.9300
        20.4533
        24.0594
        27.7701
        31.6121

elevation 29.5491        
nazimuths 17
        -28.7695
        -24.9057
        -21.1595
        -17.5059
        -13.9245
        -10.3979
        -6.9107
        -3.4490
        0.0
        3.4490
        6.9107
        10.3979
        13.9245
        17.5059
        21.1595
        24.9057
        28.7695

elevation 33.1323        
nazimuths 17
         -29.9986
         -25.9433
         -22.0233
         -18.2092
         -14.4769
         -10.8065
         -7.1804
         -3.5832
         0.0
         3.5832
         7.1804
         10.8065
         14.4769
         18.2092
         22.0233
         25.9433
         29.9986

elevation 36.7906         
nazimuths 17
         -31.5214
         -27.2237
         -23.0860
         -19.0723
         -15.1537
         -11.3064
         -7.5103
         -3.7471
         0.0
         3.7471
         7.5103
         11.3064
         15.1537
         19.0723
         23.0860
         27.2237
         31.5214

elevation 40.5449        
nazimuths 15
         -28.8231
         -24.4082
         -20.1429
         -15.9912
         -11.9242
         -7.9174
         -3.9492
         0.0
         3.9492
         7.9174
         11.9242
         15.9912
         20.1429
         24.4082
         28.8231

elevation 44.4209
nazimuths 15
         -30.8600
         -26.0825
         -21.4930
         -17.0442
         -12.6992
         -8.4273
         -4.2022
         0.0
         4.2022
         8.4273
         12.6992
         17.0442
         21.4930
         26.0825
         30.8600

elevation 48.4511         
nazimuths 13
         -28.2581
         -23.2371
         -18.3988
         -13.6931
         -9.0801
         -4.5258
         0.0
         4.5258
         9.0801
         13.6931
         18.3988
         23.2371
         28.2581

elevation 52.6784         
nazimuths 13
         -31.1936
         -25.5697
         -20.1993
         -15.0087
         -9.9416
         -4.9520
         0.0
         4.9520
         9.9416
         15.0087
         20.1993
         25.5697
         31.1936

elevation 57.1622        
nazimuths 11
         -28.8534
         -22.7093
         -16.8305
         -11.1295
         -5.5385
         0.0
         5.5385
         11.1295
         16.8305
         22.7093
         28.8534

elevation 61.9900         
nazimuths 9
         -26.4725
         -19.5315
         -12.8785
         -6.3984
         0.0
         6.3984
         12.8785
         19.5315
         26.4725

elevation 67.3014         
nazimuths 9
         -32.8543
         -24.0089
         -15.7388
         -7.7948
         0.0
         7.7948
         15.7388
         24.0089
         32.8543

elevation 73.3469
nazimuths 7
         -33.2214
         -21.4230
         -10.5227
         0.0
         10.5227
         21.4230
         33.2214

elevation 80.6779
nazimuths 5
         -40.2546
         -18.8501
         0.0
         18.8501
         40.2546

