*********************************************

*Chill calibration file (created 15 Oct 1990)

* DATE TIME  RECVR   NOISE INT   XMIT  ANT    CHILL
*            SLOPE   POWER NOISE POWER GAIN   CONSTANT

* 1986 Pace data (Willard Airport) TI points replotted; 
* Reflectivity only; 
* gate length of 300 m.

* Chill calibration file
* DATE TIME  RECVR   NOISE   IP    XMIT   ANT   CHILL  Swtch zdr     Begin        End
*            SLOPE   POWER   NOISE POWER  GAIN  CONST.  los  off  Date   time Date   time

860725 0000  0.409  -103.6   49.0  86.52  42.0  245.07 1.3 0.54 I 860725 0000 860728 2359
860729 0800  0.409  -103.6   49.0  86.52  42.0  245.07 1.3 0.54 I 860729 0000 860729 2359
860730 1500  0.467  -101.13  29.0  86.52  42.0  245.07 1.3 0.54 I 860730 0000 860730 2359
860731 1416  0.409  -103.60  29.0  86.12  42.0  245.07 1.3 0.54 I 860731 0000 860804 2359
860805 1144  0.412  -102.75  28.0  86.02  42.0  245.07 1.3 0.54 I 860805 0000 860805 2359
860806 2000  0.408  -102.12  27.0  86.32  42.0  245.07 1.3 0.54 I 860806 0000 860814 2359
860815 1810  0.412  -101.46  29.0  80.72  42.0  245.07 1.3 0.54 I 860815 0000 860822 2359
860823 1315  0.407  -101.90  29.0  80.92  42.0  245.07 1.3 0.54 I 860823 0000 860824 2359
860825 1921  0.408  -102.78  26.0  80.72  42.0  245.07 1.3 0.54 I 860825 0000 860825 2359
860826 1900  0.403  -101.45  29.0  80.82  42.0  245.07 1.3 0.54 I 860826 0000 861231 2359

* 1988 3CPO data (Willard Airport); New calibration program;
* Reflectivity, velocity, and sometimes zdr.
* zdr noisy and questionable.
* gate length of 150 m

880408 1623  0.412  -112.95  45.5  86.00  42.0  245.07 1.3 0.54 I 880408 0000 880421 2359
880422 2246  0.420  -113.83  44.0  86.60  39.6  245.07 1.3 0.54 I 880422 0000 880514 2359
880515 1431  0.408  -110.53  49.0  88.47  39.6  245.07 1.3 0.54 I 880515 0000 880521 2359
880522 1704  0.404  -112.80  44.0  86.47  39.6  245.07 1.3 0.54 I 880522 0000 880524 2359
880525 1711  0.417  -113.50  46.5  86.50  39.6  245.07 1.3 0.54 I 880525 0000 880601 2359
880602 2011  0.404  -113.50  39.5  87.20  39.0  245.07 1.3 0.54 I 880602 0000 880607 2359
880608 1016  0.374  -101.77  61.0  87.10  39.6  245.07 1.3 0.54 I 880608 0000 880608 2109
880608 2109  0.426  -108.83  58.5  87.30  41.0  245.07 1.3 0.54 I 880608 2109 880612 2359
880613 1608  0.403  -106.80  43.0  87.00  41.0  245.07 1.3 0.54 I 880613 0000 880614 2359
880615 1333  0.412  -111.06  47.5  87.10  39.6  245.07 1.3 0.54 I 880615 0000 880615 2327
880615 2327  0.407  -109.87  48.0  87.30  40.0  245.07 1.3 0.54 I 880615 2328 880621 2359
880622 1524  0.416  -114.39  42.0  88.00  40.0  245.07 1.3 0.54 I 880622 0000 880628 2359
880629 1522  0.423  -105.59  54.0  86.80  41.0  245.07 1.3 0.54 I 880629 0000 880711 2359
880712 1816  0.416  -110.79  44.5  86.82  41.0  245.07 1.3 0.54 I 880712 0000 880713 2359

880714 1737  0.415  -106.31  48.0  85.55  40.0  245.07 1.3 0.54 I 880714 0000 880717 2359
880718 2028  0.410  -108.75  52.0  86.50  42.0  245.07 1.3 0.54 I 880718 0000 880724 2359
880725    0  0.410  -108.75  52.0  86.50  40.0  245.07 1.3 0.54 I 880725 0000 880728 2359
880729 1142  0.365  -109.65  51.0  86.50  41.0  245.07 1.3 0.54 I 880729 0000 880804 2359
880805 1638  0.402  -110.51  42.5  86.27  41.0  245.07 1.3 0.54 I 880805 0000 880816 2359
880817 1441  0.395  -112.34  43.5  86.10  41.0  245.07 1.3 0.54 I 880817 0000 880822 2359
880823 0954  0.383  -110.77  47.0  88.30  42.0  245.07 1.3 0.54 I 880823 0000 880901 2359
880902 1531  0.392  -111.96  46.5  86.70  42.0  245.07 1.3 0.54 I 880902 0000 880902 2359
880903 1828  0.404  -113.69  44.5  87.00  42.0  245.07 1.3 0.54 I 880903 0000 881231 2359

* 1989 Pace data (Willard Airport)
* Reflectivity, velocity, (and zdr after about 5-25-89). 
* zdr generally noisy and questionable.
* gate length of 300 m.
* lots of sector scans.

890515 1330  0.383  -110.35  36.0  88.87  42.0  245.07 1.3 0.54 I 890515 0000 890517 2359
890518 1147  0.385  -111.31  34.0  88.07  42.0  245.07 1.3 0.54 I 890518 0000 890518 2359

890519 2054  0.387  -110.29  36.5  88.07  42.0  245.07 1.3 0.54 I 890519 0000 890521 2359

890522 1357  0.381  -109.35  36.5  88.17  42.0  245.07 1.3 0.54 I 890522 0000 890523 2359
890524 1104  0.383  -110.86  33.5  88.00  42.0  245.07 1.3 0.54 I 890524 0000 890524 2359
890525 1904  0.380  -110.31  34.5  88.07  42.0  245.07 1.3 0.54 I 890525 0000 890529 2359
890530 1635  0.385  -110.11  34.5  88.00  42.0  245.07 1.3 0.54 I 890530 0000 890531 2359
890601 1746  0.387  -109.96  34.0  88.70  39.0  245.07 1.3 0.54 I 890601 0000 890602 2359
890603 1636  0.392  -110.83  35.0  88.70  42.0  245.07 1.3 0.54 I 890603 0000 890611 2359
890612 1801  0.386  -109.40  35.0  87.87  40.0  245.07 1.3 0.54 I 890612 0000 890617 2359
890618 1212  0.383  -110.27  35.0  88.07  40.0  245.07 1.3 0.54 I 890618 0000 890618 2359
890619 2005  0.384  -109.83  34.5  87.10  40.0  245.07 1.3 0.54 I 890619 0000 890620 2359
890621 2208  0.380  -109.62  31.0  88.27  40.0  245.07 1.3 0.54 I 890621 0000 890621 2359
890622 1619  0.383  -110.49  33.5  88.17  40.0  245.07 1.3 0.54 I 890622 0000 890622 2359
890623 2040  0.391  -110.21  36.5  86.90  42.0  245.07 1.3 0.54 I 890623 0000 890625 2359
890626 1816  0.384  -109.49  31.5  88.90  42.0  245.07 1.3 0.54 I 890626 0000 890626 2359
890627 1914  0.383  -109.91  34.0  89.00  42.0  245.07 1.3 0.54 I 890627 0000 890701 2359
890702 1533  0.386  -109.86  36.5  88.87  40.0  245.07 1.3 0.54 I 890702 0000 890707 2359
890708 1950  0.383  -109.41  36.5  89.60  39.0  245.07 1.3 0.54 I 890708 0000 890710 2359
890711 2101  0.384  -109.84  34.5  89.60  42.0  245.07 1.3 0.54 I 890711 0000 890711 2359
890712 1636  0.382  -109.31  35.0  89.50  42.0  245.07 1.3 0.54 I 890712 0000 890717 2359
890718 1855  0.396  -105.17  49.0  89.10  42.0  245.07 1.3 0.54 I 890718 0000 890718 2359
890719 1940  0.391  -106.04  46.0  88.90  39.0  245.07 1.3 0.54 I 890719 0000 890719 2359
890720 1612  0.394  -106.89  36.5  88.90  39.0  245.07 1.3 0.54 I 890720 0000 890722 2359
890723 1906  0.381  -108.99  35.0  88.80  40.0  245.07 1.3 0.54 I 890723 0000 890723 2359
890724 2138  0.379  -109.15  36.5  88.86  40.0  245.07 1.3 0.54 I 890724 0000 890724 2359
890725 1602  0.384  -108.26  38.5  88.80  40.0  245.07 1.3 0.54 I 890725 0000 890804 2359

* 1989 Gust Front data (Willard Airport)
* sometimes a gate length of 75 m was used. 
* do not have housekeeping for these data.

890805 1848  0.383  -108.74  37.0  89.30  39.0  245.07 1.3 0.54 I 890805 0000 890807 2359
890808 1651  0.386  -107.44  39.5  89.90  42.0  245.07 1.3 0.54 I 890808 0000 890810 2359
890811 2045  0.365  -107.02  37.5  88.07  42.0  245.07 1.3 0.54 I 890811 0000 890822 2359
890823 1217  0.390  -107.92  41.0  85.47  42.0  245.07 1.3 0.54 I 890823 0000 890827 2359
890828 1640  0.382  -108.96  35.5  87.67  40.0  245.07 1.3 0.54 I 890828 0000 890907 2359
890908 1825  0.391  -108.22  38.5  88.20  42.0  245.07 1.3 0.54 I 890908 0000 890913 2359
890914 2141  0.381  -108.83  37.5  88.20  40.0  245.07 1.3 0.54 I 890914 0000 891231 2359

*********************************************

