* Chill calibration file
* DATE TIME  RECVR   NOISE   IP    XMIT   ANT   CHILL  Swtch zdr     Begin        End
*            SLOPE   POWER   NOISE POWER  GAIN  CONST.  los  off  Date   time Date   time
* pck system test
911219 1123  0.375  -109.93  10.0  88.47  41.0  243.36 1.3 0.54 I 911219 0000 911219 2359
* pck sys test cal
920102 1120  0.375  -109.98  10.5  88.50  41.0  243.36 2.2 0.54 I 920103 0000 920103 2359
920107 0942  0.377  -109.57  12.5  88.60  41.0  243.36 1.8 0.54 I 921207 0000 920108 2359
* PCK pre nick cal
920114 1517  0.377  -109.85  11.0  88.40  41.0  243.36 1.8 0.54 I 920114 0000 920114 2359
* pck weekly check
920207 1014  0.376  -109.90  12.0  88.50  41.0  243.36 2.4 0.54 I 920207 0000 920207 2359
* pck pre-ramesh ops cal
920303 1631  0.376  -109.82  10.5  88.27  41.0  243.36 2.6 0.54 I 920303 0000 920303 2359
920304 0828  0.391  -110.10  11.5  88.57  41.0  243.36 3.0 0.54 I 920304 0000 920304 2359
920319 1324  0.378  -109.60   9.5  88.00  41.0  243.36 2.5 0.54 I 920319 0000 920319 2359
* pck test cal
920406 1405  0.377  -109.85   9.5  87.97  41.0  243.36 2.3 0.54 I 920406 0000 920406 2359
* calibration before pattern  r0bias= 0x4280
920407 1549  0.394  -111.02  13.5  88.00  41.0  243.36 2.3 0.54 I 920407 0000 920408 2359
* cal before patern, robias=0x4200
920407 1554  0.375  -110.22  13.5  88.00  41.0  243.36 2.3 0.54 I 920407 0000 920408 2359
* txpwr assumes 20.0 db attn +1.6dbm avg 30.37 duty cyc.
920414 1729  0.376  -109.60  10.5  87.90  41.0  243.36 2.8 0.54 I 920414 0000 920414 2359
920416 1401  0.383  -109.25  16.0  87.67  41.0  243.36 2.7 0.54 I 920416 0000 920416 2359
* PCK gust front TS data
920508 1640  0.376  -108.93  11.5  89.90  41.0  243.36 2.5 0.54 I 920508 0000 920508 2359
* recvr only for patterns
920513 1523  0.375  -109.09  14.0  88.70  41.0  243.36 2.5 0.54 I 920513 1524 920513 2359
* PCK pre-Dixon cal
920521 1203  0.376  -109.42  11.0  88.87  41.0  243.36 2.6 0.54 I 920521 0000 920521 2359
920603 1209  0.376  -109.20  10.5  88.30  41.0  243.36 2.9 0.54 I 920603 0000 920603 2359
* pck cal for Chandra
920604 1926  0.376  -109.20  12.5  88.30  41.0  243.36 2.9 0.54 I 920604 0000 920604 2359
920605 1711  0.378  -109.68  12.0  88.70  41.0  243.36 2.9 0.54 I 920605 0000 920605 2359
* PCK post dix/cha cal
920607 1804  0.375  -109.51  12.0  88.47  41.0  243.36 2.9 0.54 I 920607 0000 920607 2359
920608 1926  0.376  -109.31  13.0  87.70  41.0  243.36 2.9 0.54 I 920608 0000 920608 2359
* PCK cal; check xmit pwr
920611 1827  0.377  -109.58  12.0  85.70  41.0  243.36 2.9 0.54 I 920611 0000 920611 2359
* pck cal
920618 1040  0.380  -109.57  12.5  88.27  41.0  243.36 2.5 0.54 I 920618 0000 920618 2359
920620 1927  0.376  -104.61  11.5  88.00  41.0  243.36 2.3 0.54 I 920620 0000 920620 2359
* pck cal, post T28 flt.
920622 1929  0.377  -108.85  12.0  87.80  41.0  243.36 2.3 0.54 I 920622 0000 920622 2359
920623 1850  0.376  -109.04  12.0  88.07  41.0  243.36 2.3 0.54 I 920624 0000 920624 2359
920624 1850  0.376  -109.04  12.0  88.07  41.0  243.36 2.3 0.54 I 920624 0000 920624 2359
* txpwr assumes the fixed 9213 attn is 20.0 db
920625 2012  0.375  -109.20  10.5  88.30  41.0  243.36 2.7 0.54 I 920626 0000 920626 2359
920626 2012  0.375  -109.20  10.5  88.30  41.0  243.36 2.7 0.54 I 920626 0000 920626 2359
920701 1907  0.378  -109.41  12.0  88.50  41.0  243.36 2.4 0.54 I 920701 0000 920701 2359
