99
4495 
4494 
4493 
4492 
4491 
4490 
4489 
4488 
4487 
4486 
4485 
4484 
4483 
4482 
4481 
4480 
4479 
4478 
4477 
4476 
4475 
4474 
4473 
4472 
4471 
4470 
4469 
4468 
4467 
4466 
4465 
4464 
4463 
4462 
4461 
4460 
4459 
4458 
4457 
4456 
4455 
4454 
4453 
4452 
4451 
4450 
4449 
4448 
4447 
4446 
4445 
4444 
4443 
4442 
4441 
4440 
4439 
4438 
4437 
4436 
4435 
4434 
4433 
4432 
4431 
4430 
4429 
4428 
4427 
4426 
4425 
4424 
4423 
4422 
4421 
4420 
4419 
4418 
4417 
4416 
4415 
4414 
4413 
4412 
4411 
4410 
4409 
4408 
4407 
4406 
4405 
4404 
4403 
4402 
4401 
4400 
4399 
4398 
4397 
4396 
4395 
4394 
4393 
4392 
4391 
4390 
4389 
4388 
4387 
4386 
4385 
4384 
4383 
4382 
4381 
4380 
4379 
4378 
4377 
4376 
4375 
4374 
4373 
4372 
4371 
4370 
4369 
4368 
4367 
4366 
4365 
4364 
4363 
4362 
4361 
4360 
4359 
4358 
4357 
4356 
4355 
4354 
4353 
4352 
4351 
4350 
4349 
4348 
4347 
4346 
4345 
4344 
4343 
4342 
4341 
4340 
4339 
4338 
4337 
4336 
4335 
4334 
4333 
4332 
4331 
4330 
4329 
4328 
4327 
4326 
4325 
4324 
4323 
4322 
4321 
4320 
4319 
4318 
4317 
4316 
4315 
4314 
4313 
4312 
4311 
4310 
4309 
4308 
4307 
4306 
4305 
4304 
4303 
4302 
4301 
4300 
4299 
4298 
4297 
4296 
4295 
4294 
4293 
4292 
4291 
4290 
4289 
4288 
4287 
4286 
4285 
4284 
4283 
4282 
4281 
4280 
4279 
4278 
4277 
4276 
4275 
4274 
4273 
4272 
4271 
4270 
4269 
4268 
4267 
4266 
4265 
4264 
4263 
4262 
4261 
4260 
4259 
4258 
4257 
4256 
4255 
4254 
4253 
4252 
4251 
4250 
4249 
4248 
4247 
4246 
4245 
4244 
4243 
4242 
4241 
4240 
4239 
4238 
4237 
4236 
4235 
4234 
4233 
4232 
4231 
4230 
4229 
4228 
4227 
4226 
4225 
4224 
4223 
4222 
4221 
4220 
4219 
4218 
4217 
4216 
4215 
4214 
4213 
4212 
4211 
4210 
4209 
4208 
4207 
4206 
4205 
4204 
4203 
4202 
4201 
4200 
4199 
4198 
4197 
4196 
4195 
4194 
4193 
4192 
4191 
4190 
4189 
4188 
4187 
4186 
4185 
4184 
4183 
4182 
4181 
4180 
4179 
4178 
4177 
4176 
4175 
4174 
4173 
4172 
4171 
4170 
4169 
4168 
4167 
4166 
4165 
4164 
4163 
4162 
4161 
4160 
4159 
4158 
4157 
4156 
4155 
4154 
4153 
4152 
4151 
4150 
4149 
4148 
4147 
4146 
4145 
4144 
4143 
4142 
4141 
4140 
4139 
4138 
4137 
4136 
4135 
4134 
4133 
4132 
4131 
4130 
4129 
4128 
4127 
4126 
4125 
4124 
4123 
4122 
4121 
4120 
4119 
4118 
4117 
4116 
4115 
4114 
4113 
4112 
4111 
4110 
4109 
4108 
4107 
4106 
4105 
4104 
4103 
4102 
4101 
4100 
4099 
4098 
4097 
4096 
4095 
4094 
4093 
4092 
4091 
4090 
4089 
4088 
4087 
4086 
4085 
4084 
4083 
4082 
4081 
4080 
4079 
4078 
4077 
4075 
4074 
4073 
4072 
4071 
4070 
4069 
4068 
4067 
4066 
4065 
4064 
4063 
4062 
4061 
4060 
4059 
4058 
4057 
4056 
4055 
4054 
4053 
4052 
4051 
4050 
4049 
4048 
4047 
4046 
4045 
4044 
4043 
4042 
4041 
4040 
4039 
4038 
4037 
4036 
4035 
4034 
4033 
4032 
4031 
4030 
4029 
4028 
4027 
4026 
4025 
4024 
4023 
4022 
4021 
4020 
4019 
4018 
4017 
4016 
4015 
4014 
4013 
4012 
4011 
4010 
4009 
4008 
4007 
4006 
4005 
4004 
4003 
4002 
4001 
4000 
3999 
3998 
3997 
3996 
3995 
3994 
3993 
3992 
3991 
3990 
3989 
3988 
3987 
3986 
3985 
3984 
3983 
3982 
3981 
3980 
3979 
3978 
3977 
3976 
3975 
3974 
3973 
3972 
3971 
3970 
3969 
3968 
3967 
3966 
3965 
3964 
3963 
3962 
3961 
3960 
3959 
3958 
3957 
3956 
3955 
3954 
3953 
3952 
3951 
3950 
3949 
3948 
3947 
3946 
3945 
3944 
3943 
3942 
3941 
3940 
3939 
3938 
3937 
3936 
3935 
3934 
3933 
3932 
3931 
3930 
3929 
3928 
3927 
3926 
3925 
3924 
3923 
3922 
3921 
3920 
3919 
3918 
3917 
3916 
3915 
3914 
3913 
3912 
3911 
3910 
3909 
3908 
3907 
3906 
3905 
3904 
3903 
3902 
3901 
3900 
3899 
3898 
3897 
3896 
3895 
3894 
3893 
3892 
3891 
3890 
3889 
3888 
3887 
3886 
3885 
3884 
3883 
3882 
3881 
3880 
3879 
3878 
3877 
3876 
3875 
3874 
3873 
3872 
3871 
3870 
3869 
3868 
3867 
3866 
3865 
3864 
3863 
3862 
3861 
3860 
3859 
3858 
3857 
3856 
3855 
3854 
3853 
3852 
3851 
3850 
3849 
3848 
3847 
3846 
3845 
3844 
3843 
3842 
3841 
3840 
3839 
3838 
3837 
3836 
3835 
3834 
3833 
3832 
3831 
3830 
3829 
3828 
3827 
3826 
3825 
3824 
3823 
3822 
3821 
3820 
3819 
3818 
3817 
3816 
3815 
3814 
3813 
3812 
3811 
3810 
3809 
3808 
3807 
3806 
3805 
3804 
3803 
3802 
3801 
3800 
3799 
3798 
3797 
3796 
3795 
3794 
3793 
3792 
3791 
3790 
3789 
3788 
3787 
3786 
3785 
3784 
3783 
3782 
3781 
3780 
3779 
3778 
3777 
3776 
3775 
3774 
3773 
3772 
3771 
3770 
3769 
3768 
3767 
3766 
3765 
3764 
3763 
3762 
3761 
3760 
3759 
3758 
3757 
3756 
3755 
3754 
3753 
3752 
3751 
3750 
3749 
3748 
3747 
3746 
3745 
3744 
3743 
3742 
3741 
3740 
3739 
3738 
3737 
3736 
3735 
3734 
3733 
3732 
3731 
3730 
3729 
3728 
3727 
3726 
3725 
3724 
3723 
3722 
3721 
3720 
3719 
3718 
3717 
3716 
3715 
3714 
3713 
3712 
3711 
3710 
3709 
3708 
3707 
3706 
3705 
3704 
3703 
3702 
3701 
3700 
3699 
3698 
3697 
3696 
3695 
3694 
3693 
3692 
3691 
3690 
3689 
3688 
3687 
3686 
3685 
3684 
3683 
3682 
3681 
3680 
3679 
3678 
3677 
3676 
3675 
3674 
3673 
3672 
3671 
3670 
3669 
3668 
3667 
3666 
3665 
3664 
3663 
3662 
3661 
3660 
3659 
3658 
3657 
3656 
3655 
3654 
3653 
3652 
3651 
3650 
3649 
3648 
3647 
3646 
3645 
3644 
3643 
3642 
3641 
3640 
3639 
3638 
3637 
3636 
3635 
3634 
3633 
3632 
3631 
3630 
3629 
3628 
3627 
3626 
3625 
3624 
3623 
3622 
3621 
3620 
3619 
3618 
3617 
3616 
3615 
3614 
3613 
3612 
3611 
3610 
3609 
3608 
3607 
3606 
3605 
3604 
3603 
3602 
3601 
3600 
3599 
3598 
3597 
3596 
3595 
3594 
3593 
3592 
3591 
3590 
3589 
3588 
3587 
3586 
3585 
3584 
3583 
3582 
3581 
3580 
3579 
3578 
3577 
3576 
3575 
3574 
3573 
3572 
3571 
3570 
3569 
3568 
3567 
3566 
3565 
3564 
3563 
3562 
3561 
3560 
3559 
3558 
3557 
3556 
3555 
3554 
3553 
3552 
3551 
3550 
3549 
3548 
3547 
3546 
3545 
3544 
3543 
3542 
3541 
3540 
3539 
3538 
3537 
3536 
3535 
3534 
3533 
3532 
3531 
3530 
3529 
3528 
3527 
3526 
3525 
3524 
3523 
3522 
3521 
3520 
3519 
3518 
3517 
3516 
3515 
3514 
3513 
3512 
3511 
3510 
3509 
3508 
3507 
3506 
3505 
3504 
3503 
3502 
3501 
3500 
3499 
3498 
3496 
3495 
3494 
3493 
3492 
3491 
3490 
3489 
3488 
3487 
3486 
3485 
3484 
3483 
3482 
3481 
3480 
3479 
3478 
3477 
3476 
3475 
3474 
3473 
3472 
3471 
3470 
3469 
3468 
3467 
3466 
3465 
3464 
3463 
3462 
3461 
3460 
3459 
3458 
3457 
3456 
3455 
3454 
3453 
3452 
3451 
3450 
3449 
3448 
3447 
3446 
3445 
3444 
3443 
3442 
3441 
3440 
3439 
3438 
3437 
3436 
3435 
3434 
3433 
3432 
3431 
3430 
3429 
3428 
3427 
3426 
3425 
3424 
3423 
3422 
3421 
3420 
3419 
3418 
3417 
3416 
3415 
3414 
3413 
3412 
3411 
3410 
3409 
3408 
3407 
3406 
3405 
3404 
3403 
3402 
3401 
3400 
3399 
3398 
3397 
3396 
3395 
3394 
3393 
3392 
3391 
3390 
3389 
3388 
3387 
3386 
3385 
3384 
3383 
3382 
3381 
3380 
3379 
3378 
3377 
3376 
3375 
3374 
3373 
3372 
3371 
3370 
3369 
3368 
3367 
3366 
3365 
3364 
3363 
3362 
3361 
3360 
3359 
3358 
3357 
3356 
3355 
3354 
3353 
3352 
3351 
3350 
3349 
3348 
3347 
3346 
3345 
3344 
3343 
3342 
3341 
3340 
3339 
3338 
3337 
3336 
3335 
3334 
3333 
3332 
3331 
3330 
3329 
3328 
3327 
3326 
3325 
3324 
3323 
3322 
3321 
3320 
3319 
3318 
3317 
3316 
3315 
3314 
3313 
3312 
3311 
3310 
3309 
3308 
3307 
3306 
3305 
3304 
3303 
3302 
3301 
3300 
3299 
3298 
3297 
3296 
3295 
3294 
3293 
3292 
3291 
3290 
3289 
3288 
3287 
3286 
3285 
3284 
3283 
3282 
3281 
3280 
3279 
3278 
3277 
3276 
3275 
3274 
3273 
3272 
3271 
3270 
3269 
3268 
3267 
3266 
3265 
3264 
3263 
3262 
3261 
3260 
3259 
3258 
3257 
3256 
3255 
3254 
3253 
3252 
3251 
3250 
3249 
3248 
3247 
3246 
3245 
3244 
3243 
3242 
3241 
3240 
3239 
3238 
3237 
3236 
3235 
3234 
3233 
3232 
3231 
3230 
3229 
3228 
3226 
3225 
3224 
3223 
3222 
3221 
3220 
3219 
3218 
3217 
3216 
3215 
3214 
3213 
3212 
3211 
3210 
3209 
3208 
3207 
3206 
3205 
3204 
3203 
3202 
3201 
3200 
3199 
3198 
3197 
3196 
3195 
3194 
3193 
3192 
3191 
3190 
3189 
3188 
3187 
3186 
3185 
3184 
3183 
3182 
3181 
3180 
3179 
3178 
3177 
3176 
3175 
3174 
3173 
3172 
3171 
3170 
3169 
3168 
3167 
3166 
3165 
3164 
3163 
3162 
3161 
3160 
3159 
3158 
3157 
3156 
3155 
3154 
3153 
3152 
3151 
3150 
3149 
3148 
3147 
3146 
3145 
3144 
3143 
3142 
3141 
3140 
3139 
3138 
3137 
3136 
3135 
3134 
3133 
3132 
3131 
3130 
3129 
3128 
3127 
3126 
3125 
3124 
3123 
3122 
3121 
3120 
3119 
3118 
3117 
3116 
3115 
3114 
3113 
3112 
3111 
3110 
3109 
3108 
3107 
3106 
3105 
3104 
3103 
3102 
3101 
3100 
3099 
3098 
3097 
3096 
3095 
3094 
3093 
3092 
3091 
3090 
3089 
3088 
3087 
3086 
3085 
3084 
3083 
3082 
3081 
3080 
3079 
3078 
3077 
3076 
3075 
3074 
3073 
3072 
3071 
3070 
3069 
3068 
3067 
3066 
3065 
3064 
3063 
3062 
3061 
3060 
3059 
3058 
3057 
3056 
3055 
3054 
3053 
3052 
3051 
3050 
3049 
3047 
3046 
3045 
3044 
3043 
3042 
3041 
3040 
3039 
3038 
3037 
3036 
3035 
3034 
3033 
3032 
3031 
3030 
3029 
3028 
3027 
3026 
3025 
3024 
3023 
3022 
3021 
3020 
3019 
3018 
3017 
3016 
3015 
3014 
3013 
3012 
3011 
3010 
3009 
3008 
3007 
3006 
3005 
3004 
3003 
3002 
3001 
3000 
2999 
2998 
2997 
2996 
2995 
2994 
2993 
2992 
2991 
2990 
2989 
2988 
2987 
2986 
2985 
2984 
2983 
2982 
2981 
2980 
2979 
2978 
2977 
2976 
2975 
2974 
2973 
2972 
2971 
2970 
2969 
2968 
2967 
2966 
2965 
2964 
2963 
2962 
2961 
2960 
2959 
2958 
2957 
2956 
2955 
2954 
2953 
2952 
2951 
2950 
2949 
2948 
2947 
2946 
2945 
2944 
2943 
2942 
2941 
2940 
2939 
2938 
2937 
2936 
2935 
2934 
2933 
2932 
2931 
2930 
2929 
2928 
2927 
2926 
2925 
2924 
2923 
2922 
2921 
2920 
2919 
2918 
2917 
2916 
2914 
2913 
2912 
2911 
2910 
2909 
2908 
2907 
2906 
2905 
2904 
2903 
2902 
2901 
2900 
2899 
2898 
2897 
2896 
2895 
2894 
2893 
2892 
2891 
2890 
2889 
2888 
2887 
2886 
2885 
2884 
2883 
2882 
2881 
2880 
2879 
2878 
2877 
2876 
2875 
2874 
2873 
2872 
2871 
2870 
2869 
2868 
2867 
2866 
2865 
2864 
2863 
2862 
2861 
2860 
2859 
2858 
2857 
2856 
2855 
2854 
2853 
2852 
2851 
2850 
2849 
2848 
2847 
2846 
2845 
2844 
2843 
2842 
2841 
2840 
2839 
2838 
2837 
2836 
2835 
2834 
2833 
2832 
2831 
2830 
2829 
2828 
2827 
2826 
2825 
2824 
2823 
2822 
2821 
2820 
2819 
2818 
2817 
2816 
2815 
2814 
2813 
2812 
2811 
2810 
2808 
2807 
2806 
2805 
2804 
2803 
2802 
2801 
2800 
2799 
2798 
2797 
2796 
2795 
2794 
2793 
2792 
2791 
2790 
2789 
2788 
2787 
2786 
2785 
2784 
2783 
2782 
2781 
2780 
2779 
2778 
2777 
2776 
2775 
2774 
2773 
2772 
2771 
2770 
2769 
2768 
2767 
2766 
2765 
2764 
2763 
2762 
2761 
2760 
2759 
2758 
2757 
2756 
2755 
2754 
2753 
2752 
2751 
2750 
2749 
2748 
2747 
2746 
2745 
2744 
2743 
2742 
2741 
2740 
2739 
2738 
2737 
2736 
2735 
2734 
2733 
2732 
2731 
2730 
2729 
2728 
2727 
2726 
2725 
2724 
2723 
2722 
2721 
2719 
2718 
2717 
2716 
2715 
2714 
2713 
2712 
2711 
2710 
2709 
2708 
2707 
2706 
2705 
2704 
2703 
2702 
2701 
2700 
2699 
2698 
2697 
2696 
2695 
2694 
2693 
2692 
2691 
2690 
2689 
2688 
2687 
2686 
2685 
2684 
2683 
2682 
2681 
2680 
2679 
2678 
2677 
2676 
2675 
2674 
2673 
2672 
2671 
2670 
2669 
2668 
2667 
2666 
2665 
2664 
2663 
2662 
2661 
2660 
2659 
2658 
2657 
2656 
2655 
2654 
2653 
2652 
2651 
2650 
2649 
2648 
2647 
2646 
2645 
2643 
2642 
2641 
2640 
2639 
2638 
2637 
2636 
2635 
2634 
2633 
2632 
2631 
2630 
2629 
2628 
2627 
2626 
2625 
2624 
2623 
2622 
2621 
2620 
2619 
2618 
2617 
2616 
2615 
2614 
2613 
2612 
2611 
2610 
2609 
2608 
2607 
2606 
2605 
2604 
2603 
2602 
2601 
2600 
2599 
2598 
2597 
2596 
2595 
2594 
2593 
2592 
2591 
2590 
2589 
2588 
2587 
2586 
2585 
2584 
2583 
2582 
2581 
2580 
2579 
2578 
2576 
2575 
2574 
2573 
2572 
2571 
2570 
2569 
2568 
2567 
2566 
2565 
2564 
2563 
2562 
2561 
2560 
2559 
2558 
2557 
2556 
2555 
2554 
2553 
2552 
2551 
2550 
2549 
2548 
2547 
2546 
2545 
2544 
2543 
2542 
2541 
2540 
2539 
2538 
2537 
2536 
2535 
2534 
2533 
2532 
2531 
2530 
2529 
2528 
2527 
2526 
2525 
2524 
2523 
2522 
2521 
2520 
2519 
2517 
2516 
2515 
2514 
2513 
2512 
2511 
2510 
2509 
2508 
2507 
2506 
2505 
2504 
2503 
2502 
2501 
2500 
2499 
2498 
2497 
2496 
2495 
2494 
2493 
2492 
2491 
2490 
2489 
2488 
2487 
2486 
2485 
2484 
2483 
2482 
2481 
2480 
2479 
2478 
2477 
2476 
2475 
2474 
2473 
2472 
2471 
2470 
2469 
2468 
2467 
2466 
2464 
2463 
2462 
2461 
2460 
2459 
2458 
2457 
2456 
2455 
2454 
2453 
2452 
2451 
2450 
2449 
2448 
2447 
2446 
2445 
2444 
2443 
2442 
2441 
2440 
2439 
2438 
2437 
2436 
2435 
2434 
2433 
2432 
2431 
2430 
2429 
2428 
2427 
2426 
2425 
2424 
2423 
2422 
2421 
2420 
2419 
2418 
2417 
2415 
2414 
2413 
2412 
2411 
2410 
2409 
2408 
2407 
2406 
2405 
2404 
2403 
2402 
2401 
2400 
2399 
2398 
2397 
2396 
2395 
2394 
2393 
2392 
2391 
2390 
2389 
2388 
2387 
2386 
2385 
2384 
2383 
2382 
2381 
2380 
2379 
2378 
2377 
2376 
2375 
2374 
2373 
2371 
2370 
2369 
2368 
2367 
2366 
2365 
2364 
2363 
2362 
2361 
2360 
2359 
2358 
2357 
2356 
2355 
2354 
2353 
2352 
2351 
2350 
2349 
2348 
2347 
2346 
2345 
2344 
2343 
2342 
2341 
2340 
2339 
2338 
2337 
2336 
2335 
2334 
2333 
2332 
2331 
2329 
2328 
2327 
2326 
2325 
2324 
2323 
2322 
2321 
2320 
2319 
2318 
2317 
2316 
2315 
2314 
2313 
2312 
2311 
2310 
2309 
2308 
2307 
2306 
2305 
2304 
2303 
2302 
2301 
2300 
2299 
2298 
2297 
2296 
2295 
2294 
2293 
2291 
2290 
2289 
2288 
2287 
2286 
2285 
2284 
2283 
2282 
2281 
2280 
2279 
2278 
2277 
2276 
2275 
2274 
2273 
2272 
2271 
2270 
2269 
2268 
2267 
2266 
2265 
2264 
2263 
2262 
2261 
2260 
2259 
2258 
2257 
2255 
2254 
2253 
2252 
2251 
2250 
2249 
2248 
2247 
2246 
2245 
2244 
2243 
2242 
2241 
2240 
2239 
2238 
2237 
2236 
2235 
2234 
2233 
2232 
2231 
2230 
2229 
2228 
2227 
2226 
2225 
2224 
2222 
2221 
2220 
2219 
2218 
2217 
2216 
2215 
2214 
2213 
2212 
2211 
2210 
2209 
2208 
2207 
2206 
2205 
2204 
2203 
2202 
2201 
2200 
2199 
2198 
2197 
2196 
2195 
2194 
2193 
2192 
2190 
2189 
2188 
2187 
2186 
2185 
2184 
2183 
2182 
2181 
2180 
2179 
2178 
2177 
2176 
2175 
2174 
2173 
2172 
2171 
2170 
2169 
2168 
2167 
2166 
2165 
2164 
2163 
2162 
2160 
2159 
2158 
2157 
2156 
2155 
2154 
2153 
2152 
2151 
2150 
2149 
2148 
2147 
2146 
2145 
2144 
2143 
2142 
2141 
2140 
2139 
2138 
2137 
2136 
2135 
2134 
2132 
2131 
2130 
2129 
2128 
2127 
2126 
2125 
2124 
2123 
2122 
2121 
2120 
2119 
2118 
2117 
2116 
2115 
2114 
2113 
2112 
2111 
2110 
2109 
2108 
2107 
2105 
2104 
2103 
2102 
2101 
2100 
2099 
2098 
2097 
2096 
2095 
2094 
2093 
2092 
2091 
2090 
2089 
2088 
2087 
2086 
2085 
2084 
2083 
2082 
2080 
2079 
2078 
2077 
2076 
2075 
2074 
2073 
2072 
2071 
2070 
2069 
2068 
2067 
2066 
2065 
2064 
2063 
2062 
2061 
2060 
2059 
2058 
2057 
2055 
2054 
2053 
2052 
2051 
2050 
2049 
2048 
2047 
2046 
2045 
2044 
2043 
2042 
2041 
2040 
2039 
2038 
2037 
2036 
2035 
2034 
2032 
2031 
2030 
2029 
2028 
2027 
2026 
2025 
2024 
2023 
2022 
2021 
2020 
2019 
2018 
2017 
2016 
2015 
2014 
2013 
2012 
2011 
2009 
2008 
2007 
2006 
2005 
2004 
2003 
2002 
2001 
2000 
1999 
1998 
1997 
1996 
1995 
1994 
1993 
1992 
1991 
1990 
1989 
1987 
1986 
1985 
1984 
1983 
1982 
1981 
1980 
1979 
1978 
1977 
1976 
1975 
1974 
1973 
1972 
1971 
1970 
1969 
1967 
1966 
1965 
1964 
1963 
1962 
1961 
1960 
1959 
1958 
1957 
1956 
1955 
1954 
1953 
1952 
1951 
1950 
1949 
1948 
1946 
1945 
1944 
1943 
1942 
1941 
1940 
1939 
1938 
1937 
1936 
1935 
1934 
1933 
1932 
1931 
1930 
1929 
1927 
1926 
1925 
1924 
1923 
1922 
1921 
1920 
1919 
1918 
1917 
1916 
1915 
1914 
1913 
1912 
1911 
1910 
1908 
1907 
1906 
1905 
1904 
1903 
1902 
1901 
1900 
1899 
1898 
1897 
1896 
1895 
1894 
1893 
1892 
1890 
1889 
1888 
1887 
1886 
1885 
1884 
1883 
1882 
1881 
1880 
1879 
1878 
1877 
1876 
1875 
1873 
1872 
1871 
1870 
1869 
1868 
1867 
1866 
1865 
1864 
1863 
1862 
1861 
1860 
1859 
1858 
1856 
1855 
1854 
1853 
1852 
1851 
1850 
1849 
1848 
1847 
1846 
1845 
1844 
1843 
1842 
1841 
1839 
1838 
1837 
1836 
1835 
1834 
1833 
1832 
1831 
1830 
1829 
1828 
1827 
1826 
1825 
1823 
1822 
1821 
1820 
1819 
1818 
1817 
1816 
1815 
1814 
1813 
1812 
1811 
1810 
1808 
1807 
1806 
1805 
1804 
1803 
1802 
1801 
1800 
1799 
1798 
1797 
1796 
1795 
1794 
1792 
1791 
1790 
1789 
1788 
1787 
1786 
1785 
1784 
1783 
1782 
1781 
1780 
1778 
1777 
1776 
1775 
1774 
1773 
1772 
1771 
1770 
1769 
1768 
1767 
1766 
1765 
1763 
1762 
1761 
1760 
1759 
1758 
1757 
1756 
1755 
1754 
1753 
1752 
1751 
1749 
1748 
1747 
1746 
1745 
1744 
1743 
1742 
1741 
1740 
1739 
1738 
1737 
1735 
1734 
1733 
1732 
1731 
1730 
1729 
1728 
1727 
1726 
1725 
1724 
1722 
1721 
1720 
1719 
1718 
1717 
1716 
1715 
1714 
1713 
1712 
1711 
1709 
1708 
1707 
1706 
1705 
1704 
1703 
1702 
1701 
1700 
1699 
1698 
1696 
1695 
1694 
1693 
1692 
1691 
1690 
1689 
1688 
1687 
1686 
1684 
1683 
1682 
1681 
1680 
1679 
1678 
1677 
1676 
1675 
1674 
1673 
1671 
1670 
1669 
1668 
1667 
1666 
1665 
1664 
1663 
1662 
1661 
1659 
1658 
1657 
1656 
1655 
1654 
1653 
1652 
1651 
1650 
1648 
1647 
1646 
1645 
1644 
1643 
1642 
1641 
1640 
1639 
1638 
1636 
1635 
1634 
1633 
1632 
1631 
1630 
1629 
1628 
1627 
1625 
1624 
1623 
1622 
1621 
1620 
1619 
1618 
1617 
1616 
1614 
1613 
1612 
1611 
1610 
1609 
1608 
1607 
1606 
1605 
1603 
1602 
1601 
1600 
1599 
1598 
1597 
1596 
1595 
1594 
1592 
1591 
1590 
1589 
1588 
1587 
1586 
1585 
1584 
1582 
1581 
1580 
1579 
1578 
1577 
1576 
1575 
1574 
1573 
1571 
1570 
1569 
1568 
1567 
1566 
1565 
1564 
1563 
1561 
1560 
1559 
1558 
1557 
1556 
1555 
1554 
1553 
1551 
1550 
1549 
1548 
1547 
1546 
1545 
1544 
1542 
1541 
1540 
1539 
1538 
1537 
1536 
1535 
1534 
1532 
1531 
1530 
1529 
1528 
1527 
1526 
1525 
1523 
1522 
1521 
1520 
1519 
1518 
1517 
1516 
1515 
1513 
1512 
1511 
1510 
1509 
1508 
1507 
1506 
1504 
1503 
1502 
1501 
1500 
1499 
1498 
1497 
1495 
1494 
1493 
1492 
1491 
1490 
1489 
1488 
1486 
1485 
1484 
1483 
1482 
1481 
1480 
1479 
1477 
1476 
1475 
1474 
1473 
1472 
1471 
1469 
1468 
1467 
1466 
1465 
1464 
1463 
1462 
1460 
1459 
1458 
1457 
1456 
1455 
1454 
1452 
1451 
1450 
1449 
1448 
1447 
1446 
1444 
1443 
1442 
1441 
1440 
1439 
1438 
1437 
1435 
1434 
1433 
1432 
1431 
1430 
1429 
1427 
1426 
1425 
1424 
1423 
1422 
1421 
1419 
1418 
1417 
1416 
1415 
1414 
1412 
1411 
1410 
1409 
1408 
1407 
1406 
1404 
1403 
1402 
1401 
1400 
1399 
1398 
1396 
1395 
1394 
1393 
1392 
1391 
1389 
1388 
1387 
1386 
1385 
1384 
1383 
1381 
1380 
1379 
1378 
1377 
1376 
1374 
1373 
1372 
1371 
1370 
1369 
1368 
1366 
1365 
1364 
1363 
1362 
1361 
1359 
1358 
1357 
1356 
1355 
1354 
1352 
1351 
1350 
1349 
1348 
1347 
1345 
1344 
1343 
1342 
1341 
1340 
1338 
1337 
1336 
1335 
1334 
1333 
1331 
1330 
1329 
1328 
1327 
1326 
1324 
1323 
1322 
1321 
1320 
1318 
1317 
1316 
1315 
1314 
1313 
1311 
1310 
1309 
1308 
1307 
1306 
1304 
1303 
1302 
1301 
1300 
1298 
1297 
1296 
1295 
1294 
1292 
1291 
1290 
1289 
1288 
1287 
1285 
1284 
1283 
1282 
1281 
1279 
1278 
1277 
1276 
1275 
1273 
1272 
1271 
1270 
1269 
1268 
1266 
1265 
1264 
1263 
1262 
1260 
1259 
1258 
1257 
1256 
1254 
1253 
1252 
1251 
1250 
1248 
1247 
1246 
1245 
1244 
1242 
1241 
1240 
1239 
1238 
1236 
1235 
1234 
1233 
1232 
1230 
1229 
1228 
1227 
1225 
1224 
1223 
1222 
1221 
1219 
1218 
1217 
1216 
1215 
1213 
1212 
1211 
1210 
1208 
1207 
1206 
1205 
1204 
1202 
1201 
1200 
1199 
1198 
1196 
1195 
1194 
1193 
1191 
1190 
1189 
1188 
1187 
1185 
1184 
1183 
1182 
1180 
1179 
1178 
1177 
1175 
1174 
1173 
1172 
1171 
1169 
1168 
1167 
1166 
1164 
1163 
1162 
1161 
1159 
1158 
1157 
1156 
1154 
1153 
1152 
1151 
1150 
1148 
1147 
1146 
1145 
1143 
1142 
1141 
1140 
1138 
1137 
1136 
1135 
1133 
1132 
1131 
1130 
1128 
1127 
1126 
1125 
1123 
1122 
1121 
1120 
1118 
1117 
1116 
1115 
1113 
1112 
1111 
1109 
1108 
1107 
1106 
1104 
1103 
1102 
1101 
1099 
1098 
1097 
1096 
1094 
1093 
1092 
1090 
1089 
1088 
1087 
1085 
1084 
1083 
1082 
1080 
1079 
1078 
1076 
1075 
1074 
1073 
1071 
1070 
1069 
1067 
1066 
1065 
1064 
1062 
1061 
1060 
1059 
1057 
1056 
1055 
1053 
1052 
1051 
1049 
1048 
1047 
1046 
1044 
1043 
1042 
1040 
1039 
1038 
1037 
1035 
1034 
1033 
1031 
1030 
1029 
1027 
1026 
1025 
1023 
1022 
1021 
1020 
1018 
1017 
1016 
1014 
1013 
1012 
1010 
1009 
1008 
1006 
1005 
1004 
1002 
1001 
1000 
998 
997 
996 
995 
993 
992 
991 
989 
988 
987 
985 
984 
983 
981 
980 
979 
977 
976 
975 
973 
972 
971 
969 
968 
967 
965 
964 
963 
961 
960 
958 
957 
956 
954 
953 
952 
950 
949 
948 
946 
945 
944 
942 
941 
940 
938 
937 
935 
934 
933 
931 
930 
929 
927 
926 
924 
923 
922 
920 
919 
918 
916 
915 
913 
912 
911 
909 
908 
907 
905 
904 
902 
901 
900 
898 
897 
895 
894 
893 
891 
890 
889 
887 
886 
884 
883 
882 
880 
879 
877 
876 
875 
873 
872 
870 
869 
867 
866 
865 
863 
862 
860 
859 
858 
856 
855 
853 
852 
850 
849 
848 
846 
845 
843 
842 
840 
839 
838 
836 
835 
833 
832 
830 
829 
827 
826 
825 
823 
822 
820 
819 
817 
816 
814 
813 
811 
810 
809 
807 
806 
804 
803 
801 
800 
798 
797 
795 
794 
792 
791 
789 
788 
786 
785 
784 
782 
781 
779 
778 
776 
775 
773 
772 
770 
769 
767 
766 
764 
763 
761 
760 
758 
757 
755 
754 
752 
751 
749 
748 
746 
744 
743 
741 
740 
738 
737 
735 
734 
732 
731 
729 
728 
726 
725 
723 
721 
720 
718 
717 
715 
714 
712 
711 
709 
708 
706 
704 
703 
701 
700 
698 
697 
695 
693 
692 
690 
689 
687 
686 
684 
682 
681 
679 
678 
676 
674 
673 
671 
670 
668 
666 
665 
663 
662 
660 
658 
657 
655 
654 
652 
650 
649 
647 
645 
644 
642 
641 
639 
637 
636 
634 
632 
631 
629 
627 
626 
624 
622 
621 
619 
617 
616 
614 
612 
611 
609 
607 
606 
604 
602 
601 
599 
597 
596 
594 
592 
591 
589 
587 
585 
584 
582 
580 
579 
577 
575 
573 
572 
570 
568 
567 
565 
563 
561 
560 
558 
556 
554 
553 
551 
549 
547 
546 
544 
542 
540 
539 
537 
535 
533 
531 
530 
528 
526 
524 
523 
521 
519 
517 
515 
514 
512 
510 
508 
506 
504 
503 
501 
499 
497 
495 
494 
492 
490 
488 
486 
484 
482 
481 
479 
477 
475 
473 
471 
469 
467 
466 
464 
462 
460 
458 
456 
454 
452 
450 
449 
447 
445 
443 
441 
439 
437 
435 
433 
431 
429 
427 
425 
423 
421 
419 
418 
416 
414 
412 
410 
408 
406 
404 
402 
400 
398 
396 
394 
392 
390 
388 
386 
384 
381 
379 
377 
375 
373 
371 
369 
367 
365 
363 
361 
359 
357 
355 
353 
350 
348 
346 
344 
342 
340 
338 
336 
334 
331 
329 
327 
325 
323 
321 
319 
316 
314 
312 
310 
308 
305 
303 
301 
299 
297 
294 
292 
290 
288 
285 
283 
281 
279 
276 
274 
272 
270 
267 
265 
263 
260 
258 
256 
254 
251 
249 
247 
244 
242 
240 
237 
235 
232 
230 
228 
225 
223 
220 
218 
216 
213 
211 
208 
206 
203 
201 
199 
196 
194 
191 
189 
186 
184 
181 
179 
176 
174 
171 
168 
166 
163 
161 
158 
156 
153 
150 
148 
145 
143 
140 
137 
135 
132 
129 
127 
124 
121 
119 
116 
113 
110 
108 
105 
102 
99 
97 
94 
91 
88 
86 
83 
80 
77 
74 
71 
68 
66 
63 
60 
57 
54 
51 
48 
45 
42 
39 
36 
33 
30 
27 
24 
21 
18 
15 
12 
9 
6 
3 
-1 
-4 
-7 
-10 
-13 
-16 
-20 
-23 
-26 
-29 
-33 
-36 
-39 
-42 
-46 
-49 
-52 
-56 
-59 
-62 
-66 
-69 
-73 
-76 
-80 
-83 
-87 
-90 
-94 
-97 
-101 
-104 
-108 
-112 
-115 
-119 
-123 
-126 
-130 
-134 
-138 
-141 
-145 
-149 
-153 
-157 
-161 
-164 
-168 
-172 
-176 
-180 
-184 
-188 
-192 
-196 
-201 
-205 
-209 
-213 
-217 
-221 
-226 
-230 
-234 
-239 
-243 
-247 
-252 
-256 
-261 
-265 
-270 
-274 
-279 
-284 
-288 
-293 
-298 
-302 
-307 
-312 
-317 
-322 
-327 
-332 
-337 
-342 
-347 
-352 
-357 
-362 
-368 
-373 
-378 
-384 
-389 
-395 
-400 
-406 
-411 
-417 
-423 
-428 
-434 
-440 
-446 
-452 
-458 
-464 
-470 
-477 
-483 
-489 
-496 
-502 
-509 
-515 
-522 
-529 
-536 
-543 
-550 
-557 
-564 
-571 
-578 
-586 
-593 
-601 
-609 
-616 
-624 
-632 
-640 
-649 
-657 
-665 
-674 
-683 
-692 
-701 
-710 
-719 
-728 
-738 
-747 
-757 
-767 
-778 
-788 
-799 
-809 
-820 
-831 
-843 
-854 
-866 
-878 
-891 
-903 
-916 
-930 
-943 
-957 
-971 
-986 
-1001 
-1016 
-1032 
-1048 
-1065 
-1082 
-1100 
-1119 
-1138 
-1157 
-1178 
-1199 
-1221 
-1244 
-1268 
-1293 
-1319 
-1347 
-1376 
-1407 
-1439 
-1474 
-1511 
-1551 
-1593 
-1640 
-1691 
-1747 
-1810 
-1881 
-1963 
-2059 
-2178 
-2330 
-2545 
-2912 
-4095 
-2913 
-2547 
-2333 
-2182 
-2064 
-1969 
-1888 
-1818 
-1756 
-1701 
-1651 
-1605 
-1564 
-1525 
-1489 
-1455 
-1424 
-1394 
-1366 
-1339 
-1314 
-1290 
-1267 
-1245 
-1224 
-1204 
-1184 
-1166 
-1148 
-1130 
-1113 
-1097 
-1081 
-1066 
-1051 
-1037 
-1023 
-1009 
-996 
-983 
-971 
-958 
-946 
-935 
-923 
-912 
-901 
-891 
-880 
-870 
-860 
-851 
-841 
-832 
-822 
-813 
-804 
-796 
-787 
-779 
-771 
-763 
-755 
-747 
-739 
-731 
-724 
-717 
-709 
-702 
-695 
-688 
-682 
-675 
-668 
-662 
-655 
-649 
-643 
-637 
-631 
-625 
-619 
-613 
-607 
-601 
-596 
-590 
-585 
-579 
-574 
-569 
-563 
-558 
-553 
-548 
-543 
-538 
-533 
-528 
-524 
-519 
-514 
-510 
-505 
-501 
-496 
-492 
-487 
-483 
-479 
-474 
-470 
-466 
-462 
-458 
-454 
-450 
-446 
-442 
-438 
-434 
-430 
-426 
-423 
-419 
-415 
-412 
-408 
-404 
-401 
-397 
-394 
-390 
-387 
-383 
-380 
-377 
-373 
-370 
-367 
-363 
-360 
-357 
-354 
-351 
-348 
-344 
-341 
-338 
-335 
-332 
-329 
-326 
-323 
-320 
-318 
-315 
-312 
-309 
-306 
-303 
-301 
-298 
-295 
-292 
-290 
-287 
-284 
-282 
-279 
-276 
-274 
-271 
-269 
-266 
-264 
-261 
-259 
-256 
-254 
-251 
-249 
-246 
-244 
-242 
-239 
-237 
-235 
-232 
-230 
-228 
-226 
-223 
-221 
-219 
-217 
-214 
-212 
-210 
-208 
-206 
-204 
-201 
-199 
-197 
-195 
-193 
-191 
-189 
-187 
-185 
-183 
-181 
-179 
-177 
-175 
-173 
-171 
-169 
-167 
-165 
-163 
-161 
-159 
-158 
-156 
-154 
-152 
-150 
-148 
-146 
-145 
-143 
-141 
-139 
-138 
-136 
-134 
-132 
-131 
-129 
-127 
-125 
-124 
-122 
-120 
-119 
-117 
-115 
-114 
-112 
-110 
-109 
-107 
-106 
-104 
-102 
-101 
-99 
-98 
-96 
-95 
-93 
-91 
-90 
-88 
-87 
-85 
-84 
-82 
-81 
-79 
-78 
-76 
-75 
-74 
-72 
-71 
-69 
-68 
-66 
-65 
-64 
-62 
-61 
-59 
-58 
-57 
-55 
-54 
-52 
-51 
-50 
-48 
-47 
-46 
-44 
-43 
-42 
-41 
-39 
-38 
-37 
-35 
-34 
-33 
-32 
-30 
-29 
-28 
-27 
-25 
-24 
-23 
-22 
-20 
-19 
-18 
-17 
-16 
-14 
-13 
-12 
-11 
-10 
-8 
-7 
-6 
-5 
-4 
-3 
-2 
0 
1 
2 
3 
4 
5 
6 
7 
8 
10 
11 
12 
13 
14 
15 
16 
17 
18 
19 
20 
21 
22 
23 
24 
26 
27 
28 
29 
30 
31 
32 
33 
34 
35 
36 
37 
38 
39 
40 
41 
42 
43 
43 
44 
45 
46 
47 
48 
49 
50 
51 
52 
53 
54 
55 
56 
57 
58 
58 
59 
60 
61 
62 
63 
64 
65 
66 
66 
67 
68 
69 
70 
71 
72 
73 
73 
74 
75 
76 
77 
78 
79 
79 
80 
81 
82 
83 
83 
84 
85 
86 
87 
88 
88 
89 
90 
91 
92 
92 
93 
94 
95 
95 
96 
97 
98 
99 
99 
100 
101 
102 
102 
103 
104 
105 
105 
106 
107 
108 
108 
109 
110 
111 
111 
112 
113 
113 
114 
115 
116 
116 
117 
118 
118 
119 
120 
121 
121 
122 
123 
123 
124 
125 
125 
126 
127 
127 
128 
129 
129 
130 
131 
131 
132 
133 
133 
134 
135 
135 
136 
137 
137 
138 
139 
139 
140 
141 
141 
142 
142 
143 
144 
144 
145 
146 
146 
147 
147 
148 
149 
149 
150 
150 
151 
152 
152 
153 
153 
154 
155 
155 
156 
156 
157 
158 
158 
159 
159 
160 
160 
161 
162 
162 
163 
163 
164 
164 
165 
166 
166 
167 
167 
168 
168 
169 
169 
170 
170 
171 
172 
172 
173 
173 
174 
174 
175 
175 
176 
176 
177 
177 
178 
178 
179 
180 
180 
181 
181 
182 
182 
183 
183 
184 
184 
185 
185 
186 
186 
187 
187 
188 
188 
189 
189 
190 
190 
191 
191 
192 
192 
192 
193 
193 
194 
194 
195 
195 
196 
196 
197 
197 
198 
198 
199 
199 
200 
200 
200 
201 
201 
202 
202 
203 
203 
204 
204 
205 
205 
205 
206 
206 
207 
207 
208 
208 
209 
209 
209 
210 
210 
211 
211 
212 
212 
212 
213 
213 
214 
214 
215 
215 
215 
216 
216 
217 
217 
217 
218 
218 
219 
219 
220 
220 
220 
221 
221 
222 
222 
222 
223 
223 
224 
224 
224 
225 
225 
225 
226 
226 
227 
227 
227 
228 
228 
229 
229 
229 
230 
230 
230 
231 
231 
232 
232 
232 
233 
233 
233 
234 
234 
235 
235 
235 
236 
236 
236 
237 
237 
238 
238 
238 
239 
239 
239 
240 
240 
240 
241 
241 
241 
242 
242 
242 
243 
243 
244 
244 
244 
245 
245 
245 
246 
246 
246 
247 
247 
247 
248 
248 
248 
249 
249 
249 
250 
250 
250 
251 
251 
251 
252 
252 
252 
252 
253 
253 
253 
254 
254 
254 
255 
255 
255 
256 
256 
256 
257 
257 
257 
258 
258 
258 
258 
259 
259 
259 
260 
260 
260 
261 
261 
261 
262 
262 
262 
262 
263 
263 
263 
264 
264 
264 
264 
265 
265 
265 
266 
266 
266 
267 
267 
267 
267 
268 
268 
268 
268 
269 
269 
269 
270 
270 
270 
270 
271 
271 
271 
272 
272 
272 
272 
273 
273 
273 
273 
274 
274 
274 
275 
275 
275 
275 
276 
276 
276 
276 
277 
277 
277 
277 
278 
278 
278 
279 
279 
279 
279 
280 
280 
280 
280 
281 
281 
281 
281 
282 
282 
282 
282 
283 
283 
283 
283 
284 
284 
284 
284 
285 
285 
285 
285 
286 
286 
286 
286 
286 
287 
287 
287 
287 
288 
288 
288 
288 
289 
289 
289 
289 
290 
290 
290 
290 
290 
291 
291 
291 
291 
292 
292 
292 
292 
293 
293 
293 
293 
293 
294 
294 
294 
294 
295 
295 
295 
295 
295 
296 
296 
296 
296 
296 
297 
297 
297 
297 
298 
298 
298 
298 
298 
299 
299 
299 
299 
299 
300 
300 
300 
300 
301 
301 
301 
301 
301 
302 
302 
302 
302 
302 
303 
303 
303 
303 
303 
304 
304 
304 
304 
304 
305 
305 
305 
305 
305 
306 
306 
306 
306 
306 
307 
307 
307 
307 
307 
307 
308 
308 
308 
308 
308 
309 
309 
309 
309 
309 
310 
310 
310 
310 
310 
310 
311 
311 
311 
311 
311 
312 
312 
312 
312 
312 
313 
313 
313 
313 
313 
313 
314 
314 
314 
314 
314 
314 
315 
315 
315 
315 
315 
316 
316 
316 
316 
316 
316 
317 
317 
317 
317 
317 
317 
318 
318 
318 
318 
318 
318 
319 
319 
319 
319 
319 
319 
320 
320 
320 
320 
320 
320 
321 
321 
321 
321 
321 
321 
322 
322 
322 
322 
322 
322 
322 
323 
323 
323 
323 
323 
323 
324 
324 
324 
324 
324 
324 
324 
325 
325 
325 
325 
325 
325 
326 
326 
326 
326 
326 
326 
326 
327 
327 
327 
327 
327 
327 
327 
328 
328 
328 
328 
328 
328 
329 
329 
329 
329 
329 
329 
329 
330 
330 
330 
330 
330 
330 
330 
331 
331 
331 
331 
331 
331 
331 
331 
332 
332 
332 
332 
332 
332 
332 
333 
333 
333 
333 
333 
333 
333 
334 
334 
334 
334 
334 
334 
334 
334 
335 
335 
335 
335 
335 
335 
335 
336 
336 
336 
336 
336 
336 
336 
336 
337 
337 
337 
337 
337 
337 
337 
337 
338 
338 
338 
338 
338 
338 
338 
338 
339 
339 
339 
339 
339 
339 
339 
339 
340 
340 
340 
340 
340 
340 
340 
340 
340 
341 
341 
341 
341 
341 
341 
341 
341 
342 
342 
342 
342 
342 
342 
342 
342 
342 
343 
343 
343 
343 
343 
343 
343 
343 
344 
344 
344 
344 
344 
344 
344 
344 
344 
345 
345 
345 
345 
345 
345 
345 
345 
345 
346 
346 
346 
346 
346 
346 
346 
346 
346 
346 
347 
347 
347 
347 
347 
347 
347 
347 
347 
348 
348 
348 
348 
348 
348 
348 
348 
348 
348 
349 
349 
349 
349 
349 
349 
349 
349 
349 
349 
350 
350 
350 
350 
350 
350 
350 
350 
350 
350 
351 
351 
351 
351 
351 
351 
351 
351 
351 
351 
352 
352 
352 
352 
352 
352 
352 
352 
352 
352 
352 
353 
353 
353 
353 
353 
353 
353 
353 
353 
353 
354 
354 
354 
354 
354 
354 
354 
354 
354 
354 
354 
355 
355 
355 
355 
355 
355 
355 
355 
355 
355 
355 
355 
356 
356 
356 
356 
356 
356 
356 
356 
356 
356 
356 
357 
357 
357 
357 
357 
357 
357 
357 
357 
357 
357 
357 
358 
358 
358 
358 
358 
358 
358 
358 
358 
358 
358 
358 
359 
359 
359 
359 
359 
359 
359 
359 
359 
359 
359 
359 
360 
360 
360 
360 
360 
360 
360 
360 
360 
360 
360 
360 
360 
361 
361 
361 
361 
361 
361 
361 
361 
361 
361 
361 
361 
361 
362 
362 
362 
362 
362 
362 
362 
362 
362 
362 
362 
362 
362 
362 
363 
363 
363 
363 
363 
363 
363 
363 
363 
363 
363 
363 
363 
364 
364 
364 
364 
364 
364 
364 
364 
364 
364 
364 
364 
364 
364 
364 
365 
365 
365 
365 
365 
365 
365 
365 
365 
365 
365 
365 
365 
365 
366 
366 
366 
366 
366 
366 
366 
366 
366 
366 
366 
366 
366 
366 
366 
367 
367 
367 
367 
367 
367 
367 
367 
367 
367 
367 
367 
367 
367 
367 
367 
368 
368 
368 
368 
368 
368 
368 
368 
368 
368 
368 
368 
368 
368 
368 
368 
369 
369 
369 
369 
369 
369 
369 
369 
369 
369 
369 
369 
369 
369 
369 
369 
370 
370 
370 
370 
370 
370 
370 
370 
370 
370 
370 
370 
370 
370 
370 
370 
370 
371 
371 
371 
371 
371 
371 
371 
371 
371 
371 
371 
371 
371 
371 
371 
371 
371 
371 
372 
372 
372 
372 
372 
372 
372 
372 
372 
372 
372 
372 
372 
372 
372 
372 
372 
372 
373 
373 
373 
373 
373 
373 
373 
373 
373 
373 
373 
373 
373 
373 
373 
373 
373 
373 
373 
373 
374 
374 
374 
374 
374 
374 
374 
374 
374 
374 
374 
374 
374 
374 
374 
374 
374 
374 
374 
375 
375 
375 
375 
375 
375 
375 
375 
375 
375 
375 
375 
375 
375 
375 
375 
375 
375 
375 
375 
375 
376 
376 
376 
376 
376 
376 
376 
376 
376 
376 
376 
376 
376 
376 
376 
376 
376 
376 
376 
376 
376 
376 
377 
377 
377 
377 
377 
377 
377 
377 
377 
377 
377 
377 
377 
377 
377 
377 
377 
377 
377 
377 
377 
377 
378 
378 
378 
378 
378 
378 
378 
378 
378 
378 
378 
378 
378 
378 
378 
378 
378 
378 
378 
378 
378 
378 
378 
378 
379 
379 
379 
379 
379 
379 
379 
379 
379 
379 
379 
379 
379 
379 
379 
379 
379 
379 
379 
379 
379 
379 
379 
379 
380 
380 
380 
380 
380 
380 
380 
380 
380 
380 
380 
380 
380 
380 
380 
380 
380 
380 
380 
380 
380 
380 
380 
380 
380 
380 
381 
381 
381 
381 
381 
381 
381 
381 
381 
381 
381 
381 
381 
381 
381 
381 
381 
381 
381 
381 
381 
381 
381 
381 
381 
381 
381 
382 
382 
382 
382 
382 
382 
382 
382 
382 
382 
382 
382 
382 
382 
382 
382 
382 
382 
382 
382 
382 
382 
382 
382 
382 
382 
382 
382 
382 
383 
383 
383 
383 
383 
383 
383 
383 
383 
383 
383 
383 
383 
383 
383 
383 
383 
383 
383 
383 
383 
383 
383 
383 
383 
383 
383 
383 
383 
383 
383 
384 
384 
384 
384 
384 
384 
384 
384 
384 
384 
384 
384 
384 
384 
384 
384 
384 
384 
384 
384 
384 
384 
384 
384 
384 
384 
384 
384 
384 
384 
384 
384 
385 
385 
385 
385 
385 
385 
385 
385 
385 
385 
385 
385 
385 
385 
385 
385 
385 
385 
385 
385 
385 
385 
385 
385 
385 
385 
385 
385 
385 
385 
385 
385 
385 
385 
385 
386 
386 
386 
386 
386 
386 
386 
386 
386 
386 
386 
386 
386 
386 
386 
386 
386 
386 
386 
386 
386 
386 
386 
386 
386 
386 
386 
386 
386 
386 
386 
386 
386 
386 
386 
386 
386 
387 
387 
387 
387 
387 
387 
387 
387 
387 
387 
387 
387 
387 
387 
387 
387 
387 
387 
387 
387 
387 
387 
387 
387 
387 
387 
387 
387 
387 
387 
387 
387 
387 
387 
387 
387 
387 
387 
387 
387 
387 
388 
388 
388 
388 
388 
388 
388 
388 
388 
388 
388 
388 
388 
388 
388 
388 
388 
388 
388 
388 
388 
388 
388 
388 
388 
388 
388 
388 
388 
388 
388 
388 
388 
388 
388 
388 
388 
388 
388 
388 
388 
388 
388 
389 
389 
389 
389 
389 
389 
389 
389 
389 
389 
389 
389 
389 
389 
389 
389 
389 
389 
389 
389 
389 
389 
389 
389 
389 
389 
389 
389 
389 
389 
389 
389 
389 
389 
389 
389 
389 
389 
389 
389 
389 
389 
389 
389 
389 
389 
389 
389 
390 
390 
390 
390 
390 
390 
390 
390 
390 
390 
390 
390 
390 
390 
390 
390 
390 
390 
390 
390 
390 
390 
390 
390 
390 
390 
390 
390 
390 
390 
390 
390 
390 
390 
390 
390 
390 
390 
390 
390 
390 
390 
390 
390 
390 
390 
390 
390 
390 
390 
390 
390 
391 
391 
391 
391 
391 
391 
391 
391 
391 
391 
391 
391 
391 
391 
391 
391 
391 
391 
391 
391 
391 
391 
391 
391 
391 
391 
391 
391 
391 
391 
391 
391 
391 
391 
391 
391 
391 
391 
391 
391 
391 
391 
391 
391 
391 
391 
391 
391 
391 
391 
391 
391 
391 
391 
391 
391 
391 
391 
392 
392 
392 
392 
392 
392 
392 
392 
392 
392 
392 
392 
392 
392 
392 
392 
392 
392 
392 
392 
392 
392 
392 
392 
392 
392 
392 
392 
392 
392 
392 
392 
392 
392 
392 
392 
392 
392 
392 
392 
392 
392 
392 
392 
392 
392 
392 
392 
392 
392 
392 
392 
392 
392 
392 
392 
392 
392 
392 
392 
392 
392 
392 
392 
392 
392 
393 
393 
393 
393 
393 
393 
393 
393 
393 
393 
393 
393 
393 
393 
393 
393 
393 
393 
393 
393 
393 
393 
393 
393 
393 
393 
393 
393 
393 
393 
393 
393 
393 
393 
393 
393 
393 
393 
393 
393 
393 
393 
393 
393 
393 
393 
393 
393 
393 
393 
393 
393 
393 
393 
393 
393 
393 
393 
393 
393 
393 
393 
393 
393 
393 
393 
393 
393 
393 
393 
393 
393 
393 
393 
393 
394 
394 
394 
394 
394 
394 
394 
394 
394 
394 
394 
394 
394 
394 
394 
394 
394 
394 
394 
394 
394 
394 
394 
394 
394 
394 
394 
394 
394 
394 
394 
394 
394 
394 
394 
394 
394 
394 
394 
394 
394 
394 
394 
394 
394 
394 
394 
394 
394 
394 
394 
394 
394 
394 
394 
394 
394 
394 
394 
394 
394 
394 
394 
394 
394 
394 
394 
394 
394 
394 
394 
394 
394 
394 
394 
394 
394 
394 
394 
394 
394 
394 
394 
394 
394 
394 
394 
394 
395 
395 
395 
395 
395 
395 
395 
395 
395 
395 
395 
395 
395 
395 
395 
395 
395 
395 
395 
395 
395 
395 
395 
395 
395 
395 
395 
395 
395 
395 
395 
395 
395 
395 
395 
395 
395 
395 
395 
395 
395 
395 
395 
395 
395 
395 
395 
395 
395 
395 
395 
395 
395 
395 
395 
395 
395 
395 
395 
395 
395 
395 
395 
395 
395 
395 
395 
395 
395 
395 
395 
395 
395 
395 
395 
395 
395 
395 
395 
395 
395 
395 
395 
395 
395 
395 
395 
395 
395 
395 
395 
395 
395 
395 
395 
395 
395 
395 
395 
395 
395 
395 
395 
395 
395 
396 
396 
396 
396 
396 
396 
396 
396 
396 
396 
396 
396 
396 
396 
396 
396 
396 
396 
396 
396 
396 
396 
396 
396 
396 
396 
396 
396 
396 
396 
396 
396 
396 
396 
396 
396 
396 
396 
396 
396 
396 
396 
396 
396 
396 
396 
396 
396 
396 
396 
396 
396 
396 
396 
396 
396 
396 
396 
396 
396 
396 
396 
396 
396 
396 
396 
396 
396 
396 
396 
396 
396 
396 
396 
396 
396 
396 
396 
396 
396 
396 
396 
396 
396 
396 
396 
396 
396 
396 
396 
396 
396 
396 
396 
396 
396 
396 
396 
396 
396 
396 
396 
396 
396 
396 
396 
396 
396 
396 
396 
396 
396 
396 
396 
396 
396 
396 
396 
396 
396 
396 
396 
396 
396 
396 
396 
396 
396 
396 
396 
396 
396 
396 
397 
397 
397 
397 
397 
397 
397 
397 
397 
397 
397 
397 
397 
397 
397 
397 
397 
397 
397 
397 
397 
397 
397 
397 
397 
397 
397 
397 
397 
397 
397 
397 
397 
397 
397 
397 
397 
397 
397 
397 
397 
397 
397 
397 
397 
397 
397 
397 
397 
397 
397 
397 
397 
397 
397 
397 
397 
397 
397 
397 
397 
397 
397 
397 
397 
397 
397 
397 
397 
397 
397 
397 
397 
397 
397 
397 
397 
397 
397 
397 
397 
397 
397 
397 
397 
397 
397 
397 
397 
397 
397 
397 
397 
397 
397 
397 
397 
397 
397 
397 
397 
397 
397 
397 
397 
397 
397 
397 
397 
397 
397 
397 
397 
397 
397 
397 
397 
397 
397 
397 
397 
397 
397 
397 
397 
397 
397 
397 
397 
397 
397 
397 
397 
397 
397 
397 
397 
397 
397 
397 
397 
397 
397 
397 
397 
397 
397 
397 
397 
397 
397 
397 
397 
397 
397 
397 
397 
397 
397 
397 
397 
397 
397 
397 
397 
397 
397 
397 
397 
397 
397 
397 
397 
397 
397 
397 
397 
398 
398 
398 
398 
398 
398 
398 
398 
398 
398 
398 
398 
398 
398 
398 
398 
398 
398 
398 
398 
398 
398 
398 
398 
398 
398 
398 
398 
398 
398 
398 
398 
398 
398 
398 
398 
398 
398 
398 
398 
398 
398 
398 
398 
398 
398 
398 
398 
398 
398 
398 
398 
398 
398 
398 
398 
398 
398 
398 
398 
398 
398 
398 
398 
398 
398 
398 
398 
398 
398 
398 
398 
398 
398 
398 
398 
398 
398 
398 
398 
398 
398 
398 
398 
398 
398 
398 
398 
398 
398 
398 
398 
398 
398 
398 
398 
398 
398 
398 
398 
398 
398 
398 
398 
398 
398 
398 
398 
398 
398 
398 
398 
398 
398 
398 
398 
398 
398 
398 
398 
398 
398 
398 
398 
398 
398 
398 
398 
398 
398 
398 
398 
398 
398 
398 
398 
398 
398 
398 
398 
398 
398 
398 
398 
398 
398 
398 
398 
398 
398 
398 
398 
398 
398 
398 
398 
398 
398 
398 
398 
398 
398 
398 
398 
398 
398 
398 
398 
398 
398 
398 
398 
398 
398 
398 
398 
398 
398 
398 
398 
398 
398 
398 
398 
398 
398 
398 
398 
398 
398 
398 
398 
398 
398 
398 
398 
398 
398 
398 
398 
398 
398 
398 
398 
398 
398 
398 
398 
398 
398 
398 
398 
398 
398 
398 
398 
398 
398 
398 
398 
398 
398 
398 
398 
398 
398 
398 
398 
398 
398 
398 
398 
398 
398 
398 
398 
398 
398 
398 
398 
398 
398 
398 
398 
398 
398 
398 
398 
398 
398 
398 
398 
398 
398 
398 
398 
398 
398 
398 
398 
398 
398 
398 
398 
398 
398 
398 
398 
398 
399 
399 
399 
399 
399 
399 
399 
399 
399 
399 
399 
399 
399 
399 
399 
399 
399 
399 
399 
399 
399 
399 
399 
399 
399 
399 
399 
399 
399 
399 
399 
399 
399 
399 
399 
399 
399 
399 
399 
399 
399 
399 
399 
399 
399 
399 
399 
399 
399 
399 
399 
399 
399 
399 
399 
399 
399 
399 
399 
399 
399 
399 
399 
399 
399 
399 
399 
399 
399 
399 
399 
399 
399 
399 
399 
399 
399 
399 
399 
399 
399 
399 
399 
399 
399 
399 
399 
399 
399 
399 
399 
399 
399 
399 
399 
399 
399 
399 
399 
399 
399 
399 
399 
399 
399 
399 
399 
399 
399 
399 
399 
399 
399 
399 
399 
399 
399 
399 
399 
399 
399 
399 
399 
399 
399 
399 
399 
399 
399 
399 
399 
399 
399 
399 
399 
399 
399 
399 
399 
399 
399 
399 
399 
399 
399 
399 
399 
399 
399 
399 
399 
399 
399 
399 
399 
399 
399 
399 
399 
399 
399 
399 
399 
399 
399 
399 
399 
399 
399 
399 
399 
399 
399 
399 
399 
399 
399 
399 
399 
399 
399 
399 
399 
399 
399 
399 
399 
399 
399 
399 
399 
399 
399 
399 
399 
399 
399 
399 
399 
399 
399 
399 
399 
399 
399 
399 
399 
399 
399 
399 
399 
399 
399 
399 
399 
399 
399 
399 
399 
399 
399 
399 
399 
399 
399 
399 
399 
399 
399 
399 
399 
399 
399 
399 
399 
399 
399 
399 
399 
399 
399 
399 
399 
399 
399 
399 
399 
399 
399 
399 
399 
399 
399 
399 
399 
399 
399 
399 
399 
399 
399 
399 
399 
399 
399 
399 
399 
399 
399 
399 
399 
399 
399 
399 
399 
399 
399 
399 
399 
399 
399 
399 
399 
399 
399 
399 
399 
399 
399 
399 
399 
399 
399 
399 
399 
399 
399 
399 
399 
399 
399 
399 
399 
399 
399 
399 
399 
399 
399 
399 
399 
399 
399 
399 
399 
399 
399 
399 
399 
399 
399 
399 
399 
399 
399 
399 
399 
399 
399 
399 
399 
399 
399 
399 
399 
399 
399 
399 
399 
399 
399 
399 
399 
399 
399 
399 
399 
399 
399 
399 
399 
399 
399 
399 
399 
399 
399 
399 
399 
399 
399 
399 
399 
399 
399 
399 
399 
399 
399 
399 
399 
399 
399 
399 
399 
399 
399 
399 
399 
399 
399 
399 
399 
399 
399 
399 
399 
399 
399 
399 
399 
399 
399 
399 
399 
399 
399 
399 
399 
399 
399 
399 
399 
399 
399 
399 
399 
399 
399 
399 
399 
399 
399 
399 
399 
399 
399 
399 
399 
399 
399 
399 
399 
399 
399 
399 
399 
399 
399 
399 
399 
399 
399 
399 
399 
399 
399 
399 
399 
399 
399 
399 
399 
399 
399 
399 
399 
399 
399 
399 
399 
399 
399 
399 
399 
399 
399 
399 
399 
399 
399 
399 
399 
399 
399 
399 
399 
399 
399 
399 
399 
399 
399 
399 
399 
399 
399 
399 
399 
399 
399 
399 
399 
399 
399 
399 
399 
399 
399 
399 
399 
399 
399 
399 
399 
399 
399 
399 
399 
399 
399 
399 
399 
399 
399 
399 
399 
399 
399 
399 
399 
399 
399 
399 
399 
399 
399 
399 
399 
399 
399 
399 
399 
399 
399 
399 
399 
399 
399 
399 
399 
399 
399 
399 
399 
399 
399 
399 
399 
399 
399 
399 
399 
399 
399 
399 
399 
399 
399 
399 
399 
399 
399 
399 
399 
399 
399 
399 
399 
399 
399 
399 
399 
399 
399 
399 
399 
399 
399 
399 
399 
399 
399 
399 
399 
399 
399 
399 
399 
399 
400 
400 
400 
400 
400 
400 
400 
400 
400 
400 
400 
400 
400 
400 
400 
400 
400 
400 
400 
400 
400 
400 
400 
400 
400 
400 
400 
400 
400 
400 
400 
400 
400 
400 
400 
400 
400 
400 
400 
400 
400 
400 
400 
400 
400 
400 
400 
400 
400 
400 
400 
400 
400 
400 
400 
400 
400 
400 
400 
400 
400 
400 
400 
400 
400 
400 
400 
400 
400 
400 
400 
400 
400 
400 
400 
400 
400 
400 
400 
400 
400 
400 
400 
400 
400 
400 
400 
400 
400 
400 
400 
400 
400 
400 
400 
400 
400 
400 
400 
400 
400 
400 
400 
400 
400 
400 
400 
400 
400 
400 
400 
400 
400 
400 
400 
400 
400 
400 
400 
400 
400 
400 
400 
400 
400 
400 
400 
400 
400 
400 
400 
400 
400 
400 
400 
400 
400 
400 
400 
400 
400 
400 
400 
400 
400 
400 
400 
400 
400 
400 
400 
400 
400 
400 
400 
400 
400 
400 
400 
400 
400 
400 
400 
400 
400 
400 
400 
400 
400 
400 
400 
400 
400 
400 
400 
400 
400 
400 
400 
400 
400 
400 
400 
400 
400 
400 
400 
400 
400 
400 
400 
400 
400 
400 
400 
400 
400 
400 
400 
400 
400 
400 
400 
400 
400 
400 
400 
400 
400 
400 
400 
400 
400 
400 
400 
400 
400 
400 
400 
400 
400 
400 
400 
400 
400 
400 
400 
400 
400 
400 
400 
400 
400 
400 
400 
400 
400 
400 
400 
400 
400 
400 
400 
400 
400 
400 
400 
400 
400 
400 
400 
400 
400 
400 
400 
400 
400 
400 
400 
400 
400 
400 
400 
400 
400 
400 
400 
400 
400 
400 
400 
400 
400 
400 
400 
400 
400 
400 
400 
400 
400 
400 
400 
400 
400 
400 
400 
400 
400 
400 
400 
400 
400 
400 
400 
400 
400 
400 
400 
400 
400 
400 
400 
400 
400 
400 
400 
400 
400 
400 
400 
400 
400 
400 
400 
400 
400 
400 
400 
400 
400 
400 
400 
400 
400 
400 
400 
400 
400 
400 
400 
400 
400 
400 
400 
400 
400 
400 
400 
400 
400 
400 
400 
400 
400 
400 
400 
400 
400 
400 
400 
400 
400 
400 
400 
400 
400 
400 
400 
400 
400 
400 
400 
400 
400 
400 
400 
400 
400 
400 
400 
400 
400 
400 
400 
400 
400 
400 
400 
400 
400 
400 
400 
400 
400 
400 
400 
400 
400 
400 
400 
400 
400 
400 
400 
400 
400 
400 
400 
400 
400 
400 
400 
400 
400 
400 
400 
400 
400 
400 
400 
400 
400 
400 
400 
400 
400 
400 
